desc: I1 cache:         32768 B, 64 B, 8-way associative
desc: D1 cache:         32768 B, 64 B, 8-way associative
desc: LL cache:         10485760 B, 64 B, 20-way associative
cmd: ./testCacheGrind02
events: Ir I1mr ILmr Dr D1mr DLmr Dw D1mw DLmw 
fl=/build/glibc-Cl5G7W/glibc-2.23/csu/../csu/init-first.c
fn=_init
52 8 1 1 0 0 0 4 0 0
58 4 1 1 1 1 0 1 1 1
65 5 1 1 4 2 0 0 0 0
70 1 0 0 0 0 0 1 1 1
71 1 0 0 0 0 0 1 1 1
72 2 0 0 1 1 0 1 1 1
86 4 0 0 0 0 0 1 0 0
94 1 0 0 0 0 0 1 0 0
99 6 0 0 5 0 0 0 0 0
fl=/build/glibc-Cl5G7W/glibc-2.23/csu/../csu/libc-start.c
fn=(below main)
134 10 1 1 0 0 0 8 0 0
138 7 1 1 1 1 0 1 0 0
220 2 1 1 0 0 0 0 0 0
221 4 0 0 0 0 0 1 0 0
243 4 0 0 2 0 0 0 0 0
246 2 0 0 0 0 0 0 0 0
247 5 0 0 4 0 0 1 0 0
251 4 1 1 2 1 0 0 0 0
266 2 0 0 0 0 0 0 0 0
278 2 0 0 0 0 0 1 0 0
279 2 0 0 0 0 0 0 0 0
284 2 0 0 1 1 0 1 0 0
285 2 0 0 1 1 0 1 0 0
288 2 0 0 0 0 0 1 0 0
291 6 0 0 5 2 0 1 0 0
fl=/build/glibc-Cl5G7W/glibc-2.23/csu/../sysdeps/generic/dl-hash.h
fn=_init
45 12 0 0 4 1 0 0 0 0
48 12 0 0 0 0 0 0 0 0
62 16 0 0 0 0 0 0 0 0
fl=/build/glibc-Cl5G7W/glibc-2.23/csu/../sysdeps/unix/sysv/linux/x86_64/init-first.c
fn=_init
36 11 2 2 0 0 0 4 0 0
38 4 0 0 0 0 0 1 0 0
39 2 0 0 0 0 0 0 0 0
40 2 1 1 0 0 0 0 0 0
41 2 1 1 1 0 0 0 0 0
42 1 0 0 0 0 0 1 0 0
44 3 0 0 0 0 0 1 0 0
45 2 0 0 1 0 0 0 0 0
46 1 0 0 0 0 0 1 0 0
fl=/build/glibc-Cl5G7W/glibc-2.23/ctype/ctype-info.c
fn=__ctype_init
31 7 2 2 5 2 0 1 0 0
33 4 0 0 2 1 0 1 0 0
35 5 0 0 3 1 0 1 0 0
fl=/build/glibc-Cl5G7W/glibc-2.23/elf/../elf/dl-runtime.c
fn=_dl_fixup
66 219 1 1 0 0 0 73 0 0
68 73 0 0 73 0 0 0 0 0
69 146 1 1 146 2 0 0 0 0
71 292 0 0 73 5 0 0 0 0
72 73 0 0 73 4 0 0 0 0
73 511 0 0 146 66 0 73 0 0
74 219 0 0 146 12 0 0 0 0
79 146 1 1 0 0 0 0 0 0
83 146 0 0 73 71 43 0 0 0
87 219 0 0 73 5 0 0 0 0
91 73 0 0 73 5 0 0 0 0
92 365 0 0 146 61 0 0 0 0
94 292 1 1 73 11 0 0 0 0
100 73 0 0 0 0 0 0 0 0
101 219 0 0 73 0 0 0 0 0
111 730 1 1 146 5 0 219 0 0
115 365 0 0 219 0 0 0 0 0
125 438 0 0 146 0 0 0 0 0
133 73 0 0 73 0 0 0 0 0
141 292 0 0 73 0 0 0 0 0
145 219 1 1 73 1 0 0 0 0
149 219 0 0 146 0 0 0 0 0
fl=/build/glibc-Cl5G7W/glibc-2.23/elf/../elf/dl-sysdep.c
fn=_dl_sysdep_start
86 8 1 1 0 0 0 6 1 1
110 1 0 0 0 0 0 1 0 0
111 218 1 1 71 9 9 4 3 3
114 2 0 0 0 0 0 1 0 0
115 1 0 0 0 0 0 1 0 0
117 136 6 6 35 2 2 17 1 1
118 110 0 0 18 2 2 0 0 0
121 1 0 0 1 0 0 0 0 0
122 1 0 0 0 0 0 0 0 0
124 1 1 1 1 1 1 0 0 0
125 1 0 0 0 0 0 0 0 0
127 1 1 1 1 1 1 0 0 0
128 2 0 0 0 0 0 0 0 0
130 1 0 0 1 0 0 0 0 0
131 2 0 0 0 0 0 0 0 0
151 1 1 1 1 1 1 0 0 0
152 2 0 0 0 0 0 0 0 0
154 1 0 0 1 1 1 0 0 0
155 2 0 0 0 0 0 0 0 0
157 2 1 1 1 0 0 1 0 0
158 2 0 0 0 0 0 0 0 0
163 2 0 0 1 0 0 1 0 0
164 2 0 0 0 0 0 1 0 0
179 2 0 0 1 0 0 1 0 0
180 2 0 0 0 0 0 1 0 0
231 2 0 0 0 0 0 0 0 0
232 2 0 0 0 0 0 2 0 0
234 5 1 1 0 0 0 1 0 0
246 3 0 0 1 0 0 0 0 0
249 5 0 0 1 0 0 1 0 0
250 1 1 0 1 1 0 0 0 0
251 8 1 0 7 1 0 0 0 0
fn=_dl_sysdep_start_cleanup
256 1 1 0 1 0 0 0 0 0
fl=/build/glibc-Cl5G7W/glibc-2.23/elf/../misc/sbrk.c
fn=sbrk
34 4 1 1 0 0 0 2 0 0
42 6 0 0 2 1 1 0 0 0
46 2 0 0 0 0 0 0 0 0
62 5 1 1 3 0 0 0 0 0
fl=/build/glibc-Cl5G7W/glibc-2.23/elf/../string/bits/string2.h
fn=handle_ld_preload
961 189 1 1 47 0 0 0 0 0
962 145 0 0 0 0 0 0 0 0
963 93 0 0 0 0 0 0 0 0
fl=/build/glibc-Cl5G7W/glibc-2.23/elf/../sysdeps/posix/dl-fileid.h
fn=_dl_map_object_from_fd
37 30 1 1 0 0 0 5 0 0
40 5 0 0 5 0 0 0 0 0
41 10 0 0 5 1 1 5 0 0
49 60 1 1 30 1 1 0 0 0
fl=/build/glibc-Cl5G7W/glibc-2.23/elf/../sysdeps/unix/sysv/linux/dl-osinfo.h
fn=dl_main
77 1 0 0 1 0 0 0 0 0
fl=/build/glibc-Cl5G7W/glibc-2.23/elf/../sysdeps/unix/sysv/linux/dl-sysdep.c
fn=_dl_discover_osversion
45 7 2 2 0 0 0 6 0 0
47 3 0 0 1 0 0 0 0 0
87 5 1 1 0 0 0 1 1 1
102 1 0 0 0 0 0 0 0 0
106 1 0 0 0 0 0 0 0 0
107 1 0 0 0 0 0 0 0 0
109 12 0 0 3 1 1 0 0 0
111 6 1 1 0 0 0 0 0 0
113 17 0 0 4 0 0 0 0 0
115 1 0 0 0 0 0 0 0 0
116 2 0 0 0 0 0 0 0 0
119 3 0 0 0 0 0 0 0 0
120 3 0 0 0 0 0 0 0 0
121 3 0 0 0 0 0 0 0 0
123 13 0 0 0 0 0 0 0 0
128 2 1 1 0 0 0 0 0 0
132 8 1 1 7 0 0 0 0 0
fn=_dl_sysdep_start
35 2 0 0 0 0 0 1 0 0
fl=/build/glibc-Cl5G7W/glibc-2.23/elf/../sysdeps/unix/sysv/linux/dl-vdso.c
fn=_dl_vdso_vsym
27 8 1 1 8 1 0 0 0 0
28 8 1 1 4 0 0 0 0 0
31 8 0 0 0 0 0 0 0 0
fl=/build/glibc-Cl5G7W/glibc-2.23/elf/../sysdeps/unix/sysv/linux/x86_64/brk.c
fn=brk
31 7 2 2 0 0 0 1 1 1
33 2 0 0 0 0 0 0 0 0
39 1 0 0 0 0 0 0 0 0
40 1 0 0 1 0 0 0 0 0
fl=/build/glibc-Cl5G7W/glibc-2.23/elf/../sysdeps/x86/cpu-features.c
fn=_dl_sysdep_start
29 5 1 1 0 0 0 3 0 0
32 1 0 0 0 0 0 1 0 0
33 3 0 0 0 0 0 0 0 0
34 3 0 0 0 0 0 0 0 0
35 3 0 0 0 0 0 0 0 0
36 2 1 1 0 0 0 0 0 0
41 2 0 0 0 0 0 0 0 0
61 3 1 1 0 0 0 1 0 0
64 10 0 0 0 0 0 0 0 0
68 3 1 1 0 0 0 0 0 0
73 3 0 0 0 0 0 0 0 0
76 1 0 0 0 0 0 0 0 0
77 8 1 1 1 1 1 0 0 0
112 2 1 1 1 0 0 0 0 0
134 2 1 1 1 1 1 0 0 0
175 3 1 1 1 0 0 0 0 0
176 1 0 0 1 0 0 0 0 0
179 2 0 0 0 0 0 0 0 0
180 1 1 1 1 0 0 0 0 0
182 2 0 0 1 0 0 0 0 0
183 7 0 0 0 0 0 4 0 0
190 3 0 0 1 0 0 0 0 0
194 2 0 0 0 0 0 0 0 0
196 4 1 1 0 0 0 0 0 0
200 2 1 1 0 0 0 0 0 0
201 1 0 0 1 0 0 0 0 0
207 3 0 0 1 0 0 0 0 0
212 3 1 1 0 0 0 0 0 0
228 2 0 0 0 0 0 0 0 0
231 2 0 0 1 0 0 0 0 0
247 4 1 1 0 0 0 0 0 0
248 4 0 0 0 0 0 0 0 0
249 4 0 0 0 0 0 0 0 0
250 2 1 1 0 0 0 0 0 0
251 4 1 1 0 0 0 1 0 0
258 1 0 0 0 0 0 1 0 0
259 1 0 0 0 0 0 1 0 0
260 1 0 0 0 0 0 1 0 0
fl=/build/glibc-Cl5G7W/glibc-2.23/elf/../sysdeps/x86_64/dl-irel.h
fn=_dl_fixup
32 2 1 1 0 0 0 1 0 0
fl=/build/glibc-Cl5G7W/glibc-2.23/elf/../sysdeps/x86_64/dl-machine.h
fn=_dl_fixup
235 73 0 0 0 0 0 73 0 0
fn=_dl_relocate_object
76 42 0 0 7 0 0 0 0 0
82 12 0 0 12 3 0 0 0 0
86 18 0 0 6 6 5 0 0 0
92 6 1 1 0 0 0 6 0 0
100 18 0 0 6 0 0 0 0 0
102 6 0 0 6 1 0 0 0 0
120 12 0 0 0 0 0 0 0 0
123 30 1 1 0 0 0 6 0 0
129 27 0 0 7 6 1 0 0 0
269 6460 0 0 0 0 0 0 0 0
290 6460 0 0 0 0 0 0 0 0
294 6460 0 0 0 0 0 0 0 0
301 152034 15 15 31683 1699 1250 19342 4 0
303 16069 0 0 6424 2 0 0 0 0
306 12848 1 1 3212 0 0 0 0 0
312 19380 0 0 3230 9 3 0 0 0
345 6 1 1 0 0 0 0 0 0
346 9 0 0 3 1 0 3 2 0
353 6 0 0 2 0 0 0 0 0
364 8 0 0 4 1 1 2 0 0
407 45 1 1 15 0 0 0 0 0
411 75 0 0 15 1 0 0 0 0
425 75 0 0 30 1 1 15 7 7
435 9630 1 1 3210 398 398 3210 1111 422
447 18 0 0 0 0 0 6 0 0
512 5859 0 0 1953 490 489 0 0 0
517 3906 0 0 0 0 0 0 0 0
518 5859 0 0 1953 246 246 1953 440 434
528 1804 0 0 913 0 0 0 0 0
532 1782 0 0 0 0 0 0 0 0
534 2673 0 0 891 1 0 0 0 0
535 891 0 0 891 112 110 0 0 0
554 66 0 0 44 0 0 22 0 0
555 22 0 0 0 0 0 22 0 0
fn=_dl_start
59 3 0 0 1 1 1 0 0 0
266 6 0 0 0 0 0 0 0 0
294 12 0 0 0 0 0 0 0 0
303 24 0 0 12 2 2 0 0 0
306 24 0 0 6 4 4 0 0 0
312 37 0 0 6 1 1 0 0 0
425 12 1 1 6 0 0 6 1 1
517 20 0 0 10 1 1 0 0 0
518 30 1 1 10 2 2 10 2 2
fn=_dl_sysdep_start
223 5 0 0 2 1 1 0 0 0
fl=/build/glibc-Cl5G7W/glibc-2.23/elf/../sysdeps/x86_64/dl-trampoline.h
fn=_dl_runtime_resolve_avx
64 73 1 1 0 0 0 73 0 0
67 73 0 0 0 0 0 0 0 0
69 73 0 0 0 0 0 0 0 0
71 73 0 0 0 0 0 0 0 0
74 73 1 1 0 0 0 73 0 0
75 73 0 0 0 0 0 73 0 0
76 73 0 0 0 0 0 73 0 0
77 73 0 0 0 0 0 73 0 0
78 73 0 0 0 0 0 73 0 0
79 73 0 0 0 0 0 73 0 0
80 73 0 0 0 0 0 73 0 0
81 73 0 0 0 0 0 73 0 0
82 73 1 1 0 0 0 73 0 0
83 73 0 0 0 0 0 73 0 0
84 73 0 0 0 0 0 73 0 0
85 73 0 0 0 0 0 73 0 0
86 73 0 0 0 0 0 73 1 0
87 73 0 0 0 0 0 73 0 0
88 73 0 0 0 0 0 73 0 0
93 73 0 0 0 0 0 0 0 0
94 73 1 1 0 0 0 0 0 0
95 73 0 0 0 0 0 0 0 0
96 73 0 0 0 0 0 0 0 0
110 73 0 0 73 0 0 0 0 0
111 73 0 0 73 0 0 0 0 0
112 73 0 0 0 0 0 73 0 0
113 73 0 0 0 0 0 0 0 0
118 73 0 0 0 0 0 0 0 0
119 73 0 0 0 0 0 0 0 0
120 73 1 1 0 0 0 0 0 0
121 73 0 0 0 0 0 0 0 0
134 73 0 0 73 0 0 0 0 0
135 73 0 0 73 0 0 0 0 0
136 73 0 0 73 0 0 0 0 0
137 73 0 0 73 0 0 0 0 0
138 73 0 0 73 0 0 0 0 0
139 73 0 0 73 0 0 0 0 0
140 73 1 1 73 0 0 0 0 0
141 73 0 0 73 0 0 0 0 0
142 73 0 0 73 0 0 0 0 0
143 73 0 0 73 0 0 0 0 0
144 73 0 0 73 0 0 0 0 0
145 73 0 0 73 0 0 0 0 0
146 73 0 0 73 0 0 0 0 0
147 73 0 0 73 0 0 0 0 0
148 73 0 0 73 0 0 0 0 0
150 73 0 0 0 0 0 0 0 0
152 73 1 1 73 0 0 0 0 0
156 73 0 0 0 0 0 0 0 0
159 73 0 0 0 0 0 0 0 0
fl=/build/glibc-Cl5G7W/glibc-2.23/elf/./dl-load.h
fn=_dl_map_object_from_fd
90 20 0 0 0 0 0 0 0 0
91 15 0 0 10 0 0 5 0 0
93 20 1 1 10 0 0 0 0 0
94 20 1 1 12 0 0 0 0 0
95 44 1 1 12 0 0 0 0 0
98 16 0 0 0 0 0 4 0 0
fl=/build/glibc-Cl5G7W/glibc-2.23/elf/./dl-map-segments.h
fn=_dl_map_object_from_fd
56 55 2 2 20 0 0 15 0 0
60 15 0 0 5 0 0 0 0 0
63 15 1 1 5 0 0 5 0 0
64 10 0 0 0 0 0 5 0 0
66 10 0 0 5 0 0 0 0 0
72 35 0 0 10 0 0 5 0 0
73 20 2 2 10 0 0 0 0 0
76 10 0 0 10 0 0 0 0 0
86 50 0 0 10 0 0 0 0 0
88 20 0 0 10 0 0 0 0 0
90 70 1 1 25 0 0 10 0 0
100 40 0 0 20 0 0 0 0 0
106 10 0 0 5 0 0 0 0 0
107 5 0 0 0 0 0 0 0 0
108 25 0 0 5 0 0 0 0 0
109 10 0 0 0 0 0 0 0 0
116 10 0 0 0 0 0 0 0 0
119 10 2 2 0 0 0 0 0 0
127 60 1 1 15 0 0 20 0 0
133 10 0 0 0 0 0 0 0 0
137 18 1 1 0 0 0 4 0 0
140 6 1 1 2 0 0 0 0 0
145 10 1 1 0 0 0 0 0 0
fl=/build/glibc-Cl5G7W/glibc-2.23/elf/dl-addr.c
fn=_dl_addr
30 2 0 0 1 0 0 1 0 0
31 2 0 0 1 0 0 1 0 0
34 2 0 0 1 0 0 0 0 0
38 1 1 1 1 0 0 0 0 0
39 1 0 0 1 0 0 0 0 0
40 3 0 0 2 0 0 1 0 0
42 2 0 0 2 0 0 0 0 0
45 2 0 0 1 1 0 0 0 0
50 2030 0 0 2 0 0 0 0 0
52 1011 1 1 1011 63 22 0 0 0
53 2022 0 0 0 0 0 0 0 0
55 3628 0 0 907 0 0 0 0 0
61 11175 1 1 2235 482 438 0 0 0
63 8940 0 0 2235 0 0 0 0 0
64 16328 0 0 5110 355 325 0 0 0
69 2235 0 0 0 0 0 0 0 0
71 9044 1 1 2235 137 84 0 0 0
99 3 1 1 1 1 0 0 0 0
100 1 0 0 0 0 0 1 1 0
101 3 0 0 1 1 0 0 0 0
104 2 0 0 0 0 0 0 0 0
116 1 1 1 0 0 0 1 0 0
117 1 0 0 0 0 0 1 0 0
126 11 1 1 0 0 0 8 0 0
131 3 1 1 2 0 0 1 0 0
133 2 0 0 0 0 0 1 0 0
135 2 0 0 0 0 0 0 0 0
138 2 0 0 0 0 0 0 0 0
141 2 1 1 1 1 0 1 0 0
144 9 0 0 7 0 0 0 0 0
fl=/build/glibc-Cl5G7W/glibc-2.23/elf/dl-altinit.c
fn=dlinit_alt
33 3 1 1 2 0 0 0 0 0
34 1 0 0 1 0 0 0 0 0
fl=/build/glibc-Cl5G7W/glibc-2.23/elf/dl-cache.c
fn=_dl_cache_libcmp
138 129 1 1 86 34 34 0 0 0
139 520 0 0 0 0 0 0 0 0
141 756 0 0 0 0 0 0 0 0
143 268 0 0 0 0 0 0 0 0
149 16 1 1 0 0 0 0 0 0
150 16 0 0 0 0 0 0 0 0
151 40 0 0 8 0 0 0 0 0
153 40 1 1 8 0 0 0 0 0
155 16 0 0 0 0 0 0 0 0
161 488 1 1 0 0 0 0 0 0
163 906 0 0 418 3 3 0 0 0
164 70 0 0 35 0 0 0 0 0
167 209 0 0 0 0 0 0 0 0
168 209 0 0 0 0 0 0 0 0
171 24 0 0 8 0 0 0 0 0
fn=_dl_load_cache_lookup
185 36 1 1 0 0 0 24 0 0
193 8 0 0 4 0 0 0 0 0
196 12 0 0 4 0 0 0 0 0
199 5 2 2 0 0 0 1 1 1
207 5 0 0 1 0 0 0 0 0
208 6 1 1 0 0 0 1 0 0
212 1 0 0 0 0 0 1 0 0
215 4 0 0 1 0 0 0 0 0
218 2 0 0 0 0 0 1 0 0
219 3 0 0 0 0 0 0 0 0
220 6 1 1 0 0 0 1 0 0
241 12 0 0 6 0 0 0 0 0
247 8 1 1 0 0 0 0 0 0
256 20 0 0 0 0 0 8 0 0
262 16 0 0 0 0 0 8 0 0
266 16 1 1 8 0 0 8 0 0
281 1025 8 8 191 31 31 98 0 0
297 8 0 0 4 0 0 0 0 0
301 8 0 0 4 0 0 0 0 0
309 36 1 1 4 0 0 4 0 0
310 12 0 0 0 0 0 4 0 0
311 8 0 0 0 0 0 4 0 0
312 32 0 0 28 0 0 0 0 0
fn=_dl_unload_cache
321 1 0 0 0 0 0 0 0 0
322 4 1 1 1 1 0 0 0 0
324 2 0 0 1 0 0 1 0 0
325 1 0 0 0 0 0 1 0 0
327 2 0 0 1 0 0 0 0 0
fl=/build/glibc-Cl5G7W/glibc-2.23/elf/dl-debug.c
fn=_dl_debug_initialize
50 14 1 1 0 0 0 0 0 0
51 7 1 1 7 0 0 0 0 0
55 26 0 0 7 0 0 0 0 0
58 1 0 0 0 0 0 1 0 0
59 2 0 0 0 0 0 1 0 0
60 5 1 1 1 0 0 1 0 0
61 2 0 0 0 0 0 1 0 0
64 1 0 0 1 0 0 0 0 0
fn=_dl_debug_state
74 2 0 0 2 0 0 0 0 0
fl=/build/glibc-Cl5G7W/glibc-2.23/elf/dl-deps.c
fn=_dl_map_object_deps
144 4 0 0 0 0 0 2 1 1
145 2 1 1 0 0 0 2 0 0
146 7 0 0 0 0 0 2 0 0
152 9 0 0 2 0 0 3 0 0
160 11 0 0 0 0 0 9 0 0
161 9 2 2 0 0 0 0 0 0
178 14 1 1 1 0 0 1 0 0
179 2 0 0 1 0 0 0 0 0
182 3 1 1 0 0 0 2 0 0
188 2 0 0 0 0 0 2 0 0
189 1 0 0 0 0 0 1 0 0
201 2 0 0 1 0 0 1 0 0
202 2 1 1 0 0 0 1 0 0
203 1 0 0 0 0 0 1 0 0
204 2 0 0 0 0 0 2 0 0
209 9 2 2 0 0 0 8 0 0
210 4 0 0 0 0 0 0 0 0
213 7 0 0 0 0 0 7 0 0
217 14 0 0 7 0 0 0 0 0
218 46 2 2 20 1 1 0 0 0
220 5 0 0 0 0 0 0 0 0
222 20 0 0 10 0 0 5 0 0
224 30 1 1 2 0 0 6 0 0
229 22 0 0 11 0 0 0 0 0
231 15 0 0 10 0 0 5 0 0
236 5 0 0 0 0 0 5 0 0
237 5 0 0 0 0 0 5 0 0
238 10 0 0 5 0 0 5 0 0
239 10 1 1 5 0 0 5 0 0
242 576 0 0 149 3 0 0 0 0
243 268 1 1 0 0 0 0 0 0
249 77 0 0 22 0 0 11 0 0
251 11 0 0 0 0 0 11 0 0
254 66 1 1 44 0 0 11 0 0
256 33 0 0 11 0 0 0 0 0
271 11 0 0 11 0 0 0 0 0
273 22 0 0 11 0 0 0 0 0
278 15 1 1 0 0 0 0 0 0
281 5 0 0 0 0 0 5 1 1
282 5 0 0 0 0 0 5 0 0
283 5 0 0 0 0 0 5 0 0
284 10 0 0 5 0 0 5 0 0
286 5 0 0 5 0 0 0 0 0
288 30 1 1 5 0 0 10 0 0
292 33 0 0 11 0 0 0 0 0
293 24 0 0 0 0 0 8 1 1
295 369 0 0 0 0 0 0 0 0
317 9 1 1 0 0 0 4 0 0
338 12 1 1 0 0 0 6 0 0
459 21 1 1 7 0 0 0 0 0
461 15 0 0 0 0 0 5 0 0
463 20 1 1 0 0 0 5 0 0
465 10 0 0 0 0 0 0 0 0
468 5 0 0 0 0 0 5 0 0
469 25 0 0 5 0 0 5 0 0
470 25 0 0 0 0 0 5 0 0
473 5 0 0 0 0 0 5 0 0
474 5 0 0 5 0 0 0 0 0
478 40 1 1 20 0 0 0 0 0
480 7 1 1 7 0 0 0 0 0
481 33 0 0 7 0 0 0 0 0
485 6 1 1 2 0 0 0 0 0
486 1 0 0 0 0 0 1 0 0
489 5 1 1 2 0 0 1 0 0
499 5 0 0 1 0 0 1 0 0
502 2 1 1 0 0 0 0 0 0
507 9 0 0 3 0 0 1 0 0
508 9 0 0 7 0 0 1 0 0
510 21 0 0 7 0 0 0 0 0
516 21 1 1 0 0 0 7 2 2
520 21 0 0 21 0 0 0 0 0
523 3 0 0 1 0 0 1 0 0
574 3 1 1 2 0 0 0 0 0
575 1 0 0 0 0 0 1 0 0
576 3 0 0 1 0 0 0 0 0
611 8 1 1 1 0 0 2 0 0
613 2 0 0 0 0 0 0 0 0
614 1 0 0 0 0 0 1 0 0
617 16 1 1 0 0 0 1 0 0
618 5 1 1 0 0 0 0 0 0
619 5 0 0 1 0 0 1 0 0
623 32 1 1 8 0 0 16 0 0
624 16 0 0 8 0 0 0 0 0
630 61 1 1 8 0 0 0 0 0
632 68 0 0 34 0 0 0 0 0
633 46 0 0 0 0 0 0 0 0
635 117 0 0 39 0 0 0 0 0
636 87 1 1 0 0 0 0 0 0
640 20 0 0 0 0 0 12 0 0
642 2 0 0 0 0 0 2 0 0
644 18 0 0 12 0 0 0 0 0
651 14 0 0 0 0 0 8 0 0
653 8 1 1 6 0 0 2 0 0
655 8 0 0 5 0 0 0 0 0
658 15 1 1 0 0 0 0 0 0
661 22 0 0 6 0 0 0 0 0
664 70 1 1 15 0 0 15 0 0
671 2 1 1 1 0 0 1 0 0
673 2 0 0 1 0 0 1 0 0
674 1 0 0 1 0 0 0 0 0
675 3 0 0 1 0 0 0 0 0
682 3 1 1 1 0 0 0 0 0
685 3 0 0 1 0 0 0 0 0
688 8 0 0 7 0 0 0 0 0
fn=openaux
60 22 1 1 0 0 0 11 0 0
63 132 1 1 55 0 0 22 0 0
67 11 0 0 11 0 0 0 0 0
68 22 0 0 22 0 0 0 0 0
fl=/build/glibc-Cl5G7W/glibc-2.23/elf/dl-environ.c
fn=_dl_next_ld_env_entry
30 3 1 1 3 0 0 0 0 0
31 1 1 1 0 0 0 0 0 0
33 211 0 0 70 0 0 0 0 0
35 138 0 0 69 32 32 0 0 0
36 20 0 0 10 1 1 0 0 0
38 2 0 0 0 0 0 0 0 0
41 4 0 0 0 0 0 2 0 0
43 2 0 0 2 0 0 0 0 0
46 67 0 0 0 0 0 0 0 0
50 1 0 0 1 0 0 0 0 0
fl=/build/glibc-Cl5G7W/glibc-2.23/elf/dl-error.c
fn=_dl_catch_error
163 48 1 1 0 0 0 36 0 0
175 24 1 1 0 0 0 24 4 4
176 24 0 0 0 0 0 24 0 0
177 24 0 0 0 0 0 24 0 0
178 24 0 0 0 0 0 12 0 0
180 12 0 0 12 0 0 12 2 2
181 24 0 0 12 0 0 12 0 0
182 36 1 1 0 0 0 24 0 0
185 72 0 0 0 0 0 12 0 0
187 36 0 0 24 0 0 12 0 0
188 36 0 0 24 0 0 12 0 0
189 24 1 1 12 0 0 12 0 0
190 24 0 0 12 0 0 12 0 0
191 24 0 0 12 0 0 12 0 0
199 48 0 0 24 0 0 0 0 0
fn=_dl_receive_error
205 10 1 1 0 0 0 6 0 0
206 2 0 0 1 0 0 1 0 0
210 1 0 0 1 0 0 0 0 0
211 1 0 0 1 0 0 0 0 0
214 1 0 0 0 0 0 1 0 0
215 1 0 0 0 0 0 1 0 0
217 2 0 0 0 0 0 1 0 0
219 1 1 1 0 0 0 1 0 0
220 1 0 0 0 0 0 1 0 0
221 8 0 0 7 0 0 0 0 0
fl=/build/glibc-Cl5G7W/glibc-2.23/elf/dl-hwcaps.c
fn=_dl_important_hwcaps
39 12 1 1 0 0 0 10 2 2
41 1 0 0 1 0 0 0 0 0
42 3 0 0 0 0 0 0 0 0
51 3 0 0 1 0 0 0 0 0
61 4 1 1 1 0 0 1 0 0
113 1 1 1 0 0 0 0 0 0
115 5 1 1 0 0 0 1 0 0
130 10 1 1 0 0 0 1 0 0
131 1 0 0 0 0 0 0 0 0
162 2 1 1 0 0 0 0 0 0
170 3 1 1 1 0 0 0 0 0
172 2 0 0 1 0 0 1 0 0
173 5 0 0 1 0 0 1 0 0
177 3 1 1 1 0 0 1 0 0
178 1 0 0 0 0 0 1 0 0
181 2 0 0 0 0 0 0 0 0
184 2 0 0 0 0 0 0 0 0
185 1 0 0 1 0 0 0 0 0
188 12 1 1 2 0 0 2 0 0
189 2 0 0 0 0 0 0 0 0
207 11 1 1 2 0 0 5 0 0
208 6 0 0 0 0 0 3 0 0
209 6 1 1 4 0 0 0 0 0
238 3 0 0 0 0 0 2 1 1
241 2 0 0 0 0 0 0 0 0
243 10 0 0 3 0 0 4 0 0
244 20 1 1 5 0 0 5 0 0
264 7 2 2 2 0 0 0 0 0
269 10 0 0 2 0 0 0 0 0
270 8 0 0 0 0 0 4 0 0
274 11 1 1 0 0 0 0 0 0
277 26 0 0 0 0 0 0 0 0
278 24 0 0 0 0 0 0 0 0
279 12 0 0 8 0 0 0 0 0
281 4 1 1 0 0 0 0 0 0
284 3 0 0 1 0 0 0 0 0
285 2 0 0 1 0 0 0 0 0
286 12 2 2 3 0 0 0 0 0
299 6 0 0 2 0 0 2 0 0
300 2 0 0 0 0 0 0 0 0
302 4 0 0 0 0 0 0 0 0
305 4 0 0 3 0 0 1 0 0
307 1 0 0 0 0 0 0 0 0
308 10 1 1 7 0 0 1 0 0
fl=/build/glibc-Cl5G7W/glibc-2.23/elf/dl-init.c
fn=_dl_init
30 46 1 1 8 2 0 6 0 0
80 11 1 1 0 0 0 6 0 0
81 1 0 0 1 1 0 0 0 0
82 1 0 0 1 0 0 0 0 0
85 3 0 0 1 0 0 0 0 0
88 2 0 0 0 0 0 1 0 0
93 2 0 0 0 0 0 0 0 0
94 2 1 1 1 0 0 0 0 0
104 2 1 1 0 0 0 1 0 0
119 24 0 0 0 0 0 0 0 0
120 21 0 0 14 3 0 0 0 0
126 8 0 0 7 0 0 0 0 0
fn=call_init.part.0
28 35 0 0 0 0 0 35 0 0
36 21 0 0 7 0 0 7 0 0
39 28 1 1 14 8 0 0 0 0
40 3 1 1 0 0 0 0 0 0
44 42 0 0 6 2 0 0 0 0
45 3 0 0 1 0 0 0 0 0
49 10 0 0 5 0 0 0 0 0
58 35 1 1 15 9 0 5 0 0
62 10 0 0 0 0 0 0 0 0
68 15 0 0 10 2 0 0 0 0
70 10 0 0 10 0 0 0 0 0
71 59 1 1 0 0 0 0 0 0
72 85 0 0 17 4 0 17 0 0
74 42 0 0 42 1 0 0 0 0
fl=/build/glibc-Cl5G7W/glibc-2.23/elf/dl-load.c
fn=_dl_init_paths
689 9 2 2 0 0 0 7 0 0
702 6 0 0 2 0 0 2 0 0
706 1 0 0 0 0 0 1 0 0
707 2 0 0 0 0 0 1 0 0
708 3 0 0 0 0 0 0 0 0
715 4 0 0 0 0 0 0 0 0
716 4 1 1 1 0 0 2 0 0
719 5 0 0 0 0 0 2 0 0
721 2 0 0 0 0 0 0 0 0
727 2 1 1 0 0 0 1 0 0
728 1 0 0 0 0 0 1 0 0
736 3 0 0 0 0 0 3 0 0
738 9 1 1 0 0 0 4 0 0
739 4 0 0 0 0 0 4 3 3
741 8 0 0 0 0 0 4 1 1
742 10 0 0 3 1 1 4 0 0
743 12 0 0 0 0 0 3 0 0
746 6 1 1 3 1 1 0 0 0
747 25 0 0 8 0 0 4 0 0
750 35 1 1 4 0 0 6 0 0
756 1 1 1 0 0 0 1 1 1
757 1 0 0 0 0 0 1 0 0
761 1 0 0 1 0 0 0 0 0
762 2 0 0 0 0 0 0 0 0
764 4 0 0 1 0 0 0 0 0
766 3 0 0 1 0 0 0 0 0
783 1 0 0 0 0 0 1 0 0
785 3 1 1 1 0 0 0 0 0
799 2 1 1 0 0 0 1 0 0
804 5 2 2 2 0 0 0 0 0
810 5 0 0 0 0 0 1 0 0
812 12 1 1 1 0 0 2 0 0
829 133 1 1 15 0 0 0 0 0
833 1 0 0 0 0 0 1 0 0
834 1 0 0 0 0 0 1 0 0
835 2 0 0 0 0 0 0 0 0
841 9 1 1 1 0 0 2 0 0
845 5 0 0 4 0 0 0 0 0
851 1 0 0 0 0 0 1 0 0
855 8 0 0 7 0 0 0 0 0
fn=_dl_map_object
383 5 0 0 0 0 0 1 0 0
387 2 0 0 0 0 0 1 0 0
666 39 1 1 13 0 0 0 0 0
669 4 0 0 0 0 0 0 0 0
672 6 0 0 2 0 0 0 0 0
675 4 2 2 0 0 0 2 0 0
2189 108 1 1 0 0 0 96 7 7
2191 5 0 0 0 0 0 5 0 0
2197 24 1 1 0 0 0 0 0 0
2198 48 0 0 12 0 0 0 0 0
2201 222 0 0 54 0 0 0 0 0
2206 343 1 1 49 0 0 0 0 0
2208 245 0 0 0 0 0 49 0 0
2212 84 0 0 42 0 0 0 0 0
2213 126 1 1 42 0 0 0 0 0
2216 22 0 0 22 0 0 0 0 0
2218 132 0 0 44 0 0 22 0 0
2235 25 2 2 10 0 0 5 0 0
2244 15 1 1 5 0 0 0 0 0
2278 5 0 0 0 0 0 5 2 2
2280 25 0 0 0 0 0 5 0 0
2284 16 1 1 0 0 0 8 0 0
2286 8 1 1 4 0 0 0 0 0
2293 16 0 0 4 0 0 0 0 0
2297 8 1 1 4 0 0 4 0 0
2302 27 1 1 5 0 0 4 0 0
2303 5 0 0 0 0 0 0 0 0
2305 36 0 0 0 0 0 12 0 0
2317 12 1 1 8 0 0 0 0 0
2318 32 1 1 8 0 0 4 0 0
2319 4 0 0 0 0 0 0 0 0
2328 8 0 0 4 0 0 0 0 0
2329 60 1 1 4 0 0 16 0 0
2335 20 1 1 4 0 0 0 0 0
2336 4 0 0 0 0 0 0 0 0
2344 4 0 0 0 0 0 4 0 0
2358 8 1 1 0 0 0 0 0 0
2360 12 0 0 4 0 0 0 0 0
2364 12 0 0 0 0 0 8 0 0
2366 8 0 0 0 0 0 0 0 0
2370 8 0 0 0 0 0 0 0 0
2378 12 1 1 4 0 0 0 0 0
2401 44 0 0 4 0 0 8 0 0
2405 16 0 0 8 0 0 0 0 0
2406 8 1 1 0 0 0 4 0 0
2423 8 1 1 4 0 0 0 0 0
2429 1 0 0 0 0 0 1 0 0
2431 2 1 1 0 0 0 0 0 0
2432 3 0 0 0 0 0 0 0 0
2436 10 1 1 0 0 0 2 0 0
2439 4 0 0 2 0 0 0 0 0
2451 15 1 1 0 0 0 0 0 0
2453 16 0 0 0 0 0 0 0 0
2497 10 0 0 5 0 0 5 0 0
2498 84 1 1 15 0 0 25 0 0
2500 96 0 0 84 0 0 0 0 0
fn=_dl_map_object_from_fd
893 75 2 2 0 0 0 55 2 2
903 20 0 0 5 0 0 10 1 1
904 5 0 0 0 0 0 5 0 0
919 100 1 1 35 0 0 0 0 0
920 40 0 0 20 0 0 0 0 0
937 10 1 1 5 0 0 0 0 0
961 10 0 0 5 0 0 0 0 0
971 10 1 1 5 0 0 0 0 0
993 20 0 0 10 0 0 0 0 0
1025 10 0 0 0 0 0 0 0 0
1028 40 1 1 25 0 0 5 0 0
1029 10 0 0 0 0 0 0 0 0
1040 15 0 0 10 0 0 5 4 4
1041 20 0 0 10 0 0 10 0 0
1042 10 0 0 5 0 0 5 0 0
1044 20 1 1 0 0 0 0 0 0
1045 20 0 0 10 0 0 0 0 0
1046 5 0 0 0 0 0 0 0 0
1063 5 0 0 0 0 0 5 0 0
1065 50 1 1 0 0 0 10 0 0
1073 327 0 0 0 0 0 0 0 0
1074 296 2 2 39 0 0 0 0 0
1080 10 0 0 5 0 0 5 0 0
1081 15 0 0 5 0 0 5 0 0
1082 5 0 0 0 0 0 0 0 0
1085 2 0 0 1 0 0 1 0 0
1086 1 0 0 0 0 0 0 0 0
1091 50 2 2 20 0 0 0 0 0
1096 80 0 0 20 0 0 0 0 0
1104 40 0 0 0 0 0 0 0 0
1105 40 0 0 0 0 0 10 4 4
1106 50 1 1 10 0 0 10 0 0
1107 10 0 0 0 0 0 10 2 2
1108 20 0 0 10 0 0 10 0 0
1109 20 0 0 0 0 0 10 3 3
1113 20 0 0 0 0 0 0 0 0
1114 30 0 0 15 0 0 5 0 0
1118 90 1 1 10 0 0 10 0 0
1129 10 0 0 0 0 0 0 0 0
1132 6 1 1 2 0 0 0 0 0
1136 2 0 0 0 0 0 2 2 2
1137 6 0 0 4 0 0 2 1 1
1138 4 0 0 0 0 0 0 0 0
1141 6 1 1 0 0 0 2 0 0
1142 4 0 0 2 0 0 2 0 0
1145 2 0 0 0 0 0 2 0 0
1149 8 0 0 2 0 0 0 0 0
1155 6 0 0 2 0 0 4 0 0
1156 2 0 0 0 0 0 0 0 0
1160 40 1 1 5 0 0 15 0 0
1168 10 0 0 0 0 0 5 0 0
1211 10 1 1 5 0 0 5 0 0
1212 5 0 0 0 0 0 0 0 0
1215 10 0 0 5 0 0 5 2 2
1216 15 0 0 10 0 0 5 0 0
1217 5 0 0 0 0 0 0 0 0
1220 15 1 1 5 0 0 0 0 0
1229 10 0 0 0 0 0 0 0 0
1239 45 0 0 20 0 0 5 0 0
1251 20 1 1 10 0 0 0 0 0
1255 8 2 2 4 0 0 0 0 0
1260 15 1 1 5 0 0 5 0 0
1267 10 0 0 0 0 0 0 0 0
1282 15 1 1 5 0 0 0 0 0
1301 10 0 0 5 0 0 5 0 0
1303 25 1 1 10 0 0 0 0 0
1357 15 0 0 5 3 3 0 0 0
1358 4 0 0 2 0 0 2 0 0
1361 20 0 0 5 0 0 5 0 0
1370 10 0 0 5 0 0 0 0 0
1372 20 1 1 10 0 0 5 0 0
1374 10 0 0 5 0 0 0 0 0
1390 10 0 0 0 0 0 5 0 0
1394 10 0 0 5 0 0 0 0 0
1395 10 0 0 5 0 0 0 0 0
1412 10 1 1 5 0 0 0 0 0
1413 2 0 0 0 0 0 1 0 0
1416 15 1 1 5 0 0 10 0 0
1421 10 0 0 5 0 0 0 0 0
1431 10 0 0 5 0 0 0 0 0
1441 15 0 0 5 0 0 5 0 0
1445 20 0 0 5 0 0 0 0 0
1465 40 0 0 35 0 0 0 0 0
fn=fillin_rpath
383 5 2 2 0 0 0 1 0 0
387 3 0 0 0 0 0 1 0 0
444 16 2 2 0 0 0 12 0 0
446 1 0 0 0 0 0 0 0 0
448 12 1 1 4 0 0 2 0 0
455 2 0 0 1 0 0 0 0 0
461 2 0 0 0 0 0 0 0 0
466 2 0 0 0 0 0 1 0 0
467 2 0 0 0 0 0 0 0 0
474 8 2 2 1 0 0 0 0 0
479 3 0 0 0 0 0 1 0 0
483 3 1 1 1 0 0 0 0 0
490 15 0 0 5 0 0 0 0 0
491 8 0 0 4 0 0 0 0 0
509 4 2 2 1 0 0 1 0 0
512 5 1 1 1 0 0 2 0 0
513 2 0 0 1 0 0 0 0 0
515 3 0 0 1 0 0 0 0 0
519 1 0 0 0 0 0 1 0 0
520 1 0 0 0 0 0 0 0 0
521 4 0 0 0 0 0 2 0 0
522 1 1 1 0 0 0 1 0 0
524 2 0 0 1 0 0 0 0 0
530 4 0 0 1 0 0 0 0 0
531 18 1 1 1 0 0 0 0 0
532 11 1 1 0 0 0 4 0 0
534 2 1 1 1 0 0 1 0 0
535 3 0 0 1 0 0 0 0 0
540 2 1 1 0 0 0 1 0 0
542 3 0 0 1 0 0 1 0 0
543 1 0 0 0 0 0 1 0 0
546 2 1 1 0 0 0 1 0 0
548 3 0 0 0 0 0 1 0 0
552 1 0 0 0 0 0 1 0 0
555 9 0 0 7 0 0 0 0 0
fn=open_path
2040 32 1 1 0 0 0 24 1 1
2041 8 0 0 4 0 0 4 1 1
2044 4 1 1 0 0 0 4 0 0
2045 4 0 0 0 0 0 4 0 0
2047 8 0 0 0 0 0 0 0 0
2052 68 1 1 8 0 0 28 1 1
2055 4 0 0 4 0 0 0 0 0
2064 8 0 0 4 0 0 0 0 0
2071 20 0 0 8 0 0 8 2 2
2072 87 1 1 7 0 0 0 0 0
2075 32 1 1 16 0 0 0 0 0
2078 14 0 0 0 0 0 0 0 0
2079 56 1 1 35 0 0 14 0 0
2080 28 0 0 7 0 0 0 0 0
2085 14 1 1 7 0 0 0 0 0
2086 3 1 1 0 0 0 0 0 0
2088 70 0 0 35 0 0 14 0 0
2090 35 0 0 21 0 0 0 0 0
2092 8 0 0 0 0 0 0 0 0
2097 8 1 1 4 0 0 0 0 0
2098 36 0 0 16 0 0 0 0 0
2104 20 1 1 4 0 0 8 0 0
2106 24 0 0 4 0 0 4 0 0
2107 2 0 0 1 1 1 0 0 0
2109 17 1 1 0 0 0 4 0 0
2116 24 1 1 4 0 0 0 0 0
2118 6 0 0 0 0 0 0 0 0
2126 16 1 1 4 0 0 4 0 0
2154 4 0 0 0 0 0 0 0 0
2157 28 2 2 4 0 0 0 0 0
2162 4 0 0 4 0 0 0 0 0
2164 16 0 0 12 0 0 0 0 0
2167 12 0 0 4 0 0 0 0 0
2181 32 0 0 28 0 0 0 0 0
fn=open_verify.constprop.7
1717 168 1 1 12 0 0 108 2 2
1756 58 0 0 12 0 0 0 0 0
1787 60 1 1 0 0 0 24 3 3
1789 29 0 0 0 0 0 0 0 0
1799 5 1 1 0 0 0 5 0 0
1800 10 0 0 0 0 0 5 0 0
1805 40 0 0 10 0 0 10 0 0
1807 10 0 0 0 0 0 0 0 0
1809 15 1 1 5 0 0 5 0 0
1811 10 0 0 0 0 0 0 0 0
1817 10 0 0 0 0 0 0 0 0
1826 6 1 1 3 0 0 0 0 0
1833 93 3 3 13 0 0 13 0 0
1907 10 0 0 5 0 0 0 0 0
1912 10 0 0 5 0 0 0 0 0
1914 20 0 0 5 0 0 0 0 0
1920 10 1 1 0 0 0 0 0 0
1931 10 0 0 5 2 2 0 0 0
1937 30 0 0 5 0 0 0 0 0
1938 20 0 0 5 0 0 0 0 0
1939 15 1 1 5 0 0 5 0 0
1959 270 1 1 35 0 0 0 0 0
1961 89 1 1 42 11 11 0 0 0
1965 20 0 0 10 0 0 0 0 0
1966 15 0 0 5 0 0 0 0 0
1975 42 1 1 0 0 0 7 0 0
1978 35 0 0 10 0 0 0 0 0
1982 15 0 0 0 0 0 0 0 0
1987 2 0 0 0 0 0 0 0 0
1988 2 0 0 0 0 0 0 0 0
1991 4 0 0 0 0 0 0 0 0
1994 14 0 0 6 0 0 0 0 0
1997 6 0 0 2 0 0 0 0 0
1998 10 0 0 2 0 0 0 0 0
2003 7 0 0 0 0 0 0 0 0
2026 96 2 2 84 0 0 0 0 0
fl=/build/glibc-Cl5G7W/glibc-2.23/elf/dl-lookup.c
fn=_dl_lookup_symbol_x
568 377268 1 1 92231 1823 1558 2086 0 0
569 360580 0 0 0 0 0 0 0 0
806 31290 2 2 2086 0 0 18774 9 0
808 4172 0 0 0 0 0 2086 0 0
809 4172 0 0 0 0 0 4172 0 0
812 2086 0 0 2086 4 0 0 0 0
816 8306 0 0 2067 0 0 0 0 0
820 14602 1 1 4172 0 0 6258 0 0
821 4172 0 0 0 0 0 0 0 0
823 4172 1 1 4172 6 0 0 0 0
827 6348 0 0 18 0 0 0 0 0
829 29204 1 1 14602 0 0 14602 6 0
832 6258 0 0 0 0 0 0 0 0
835 18 0 0 0 0 0 0 0 0
858 4172 0 0 2086 0 0 0 0 0
860 126 1 1 36 0 0 0 0 0
876 18 0 0 0 0 0 18 0 0
877 36 0 0 0 0 0 0 0 0
880 2068 0 0 2068 0 0 0 0 0
881 14476 1 1 4136 0 0 0 0 0
912 2068 0 0 0 0 0 0 0 0
921 10340 0 0 2068 0 0 0 0 0
935 6204 0 0 2068 10 0 0 0 0
936 2 1 1 0 0 0 1 0 0
938 8272 1 1 4136 0 0 0 0 0
943 2068 0 0 0 0 0 2068 0 0
945 16688 0 0 14602 0 0 0 0 0
fn=_dl_setup_hash
956 21 1 1 7 0 0 0 0 0
960 7 0 0 7 0 0 0 0 0
964 14 0 0 7 7 7 7 0 0
965 7 0 0 7 0 0 0 0 0
966 7 0 0 7 1 1 0 0 0
968 21 0 0 0 0 0 0 0 0
969 7 0 0 0 0 0 7 0 0
970 21 1 1 7 0 0 7 0 0
972 7 0 0 0 0 0 7 0 0
973 14 0 0 0 0 0 0 0 0
975 7 0 0 0 0 0 7 0 0
977 21 0 0 0 0 0 7 0 0
978 7 0 0 7 0 0 0 0 0
fn=check_match
92 16544 1 1 4136 27 8 8272 5 1
95 14476 1 1 4136 208 156 0 0 0
107 12408 0 0 2068 0 0 2068 10 0
110 8476 0 0 68 0 0 34 0 0
114 2068 0 0 2068 6 0 0 0 0
115 4136 1 1 0 0 0 0 0 0
117 4134 0 0 0 0 0 0 0 0
136 4134 0 0 4134 21 4 0 0 0
137 16536 1 1 6201 10 0 0 0 0
138 12402 1 1 4134 4 0 2067 0 0
165 2 0 0 0 0 0 0 0 0
167 6 0 0 2 1 0 0 0 0
168 4 1 1 0 0 0 0 0 0
176 2068 0 0 0 0 0 0 0 0
183 12408 0 0 10340 0 0 0 0 0
fn=do_lookup_x
191 690 0 0 82 0 0 0 0 0
192 1212 1 1 82 0 0 0 0 0
193 500 1 1 250 58 58 0 0 0
195 196 0 0 0 0 0 0 0 0
196 196 0 0 0 0 0 0 0 0
197 528 1 1 0 0 0 0 0 0
200 152 0 0 0 0 0 152 0 0
201 152 0 0 0 0 0 152 0 0
202 234 0 0 82 0 0 152 0 0
203 244 1 1 0 0 0 152 0 0
220 488 1 1 244 0 0 244 0 0
222 854 0 0 122 2 0 244 0 0
224 488 0 0 122 2 1 122 0 0
225 122 0 0 122 0 0 0 0 0
226 244 1 1 0 0 0 0 0 0
228 605 0 0 0 0 0 121 0 0
229 1947 1 1 0 0 0 242 0 0
232 759 1 1 253 82 43 0 0 0
233 280 0 0 160 0 0 40 0 0
235 80 0 0 0 0 0 0 0 0
245 40 0 0 40 0 0 0 0 0
246 80 0 0 80 0 0 0 0 0
248 160 1 1 80 0 0 120 0 0
252 558 0 0 213 0 0 0 0 0
256 462 0 0 0 0 0 0 0 0
257 264 1 1 0 0 0 0 0 0
260 972 0 0 324 0 0 0 0 0
267 10 0 0 0 0 0 2 0 0
268 8 1 1 0 0 0 2 0 0
270 6 0 0 0 0 0 0 0 0
277 204 0 0 4 0 0 4 0 0
278 276 1 1 92 13 2 0 0 0
279 280 0 0 210 0 0 0 0 0
283 14 1 1 6 0 0 2 0 0
284 2 0 0 0 0 0 2 0 0
286 2 0 0 0 0 0 2 0 0
287 6 0 0 2 1 0 4 0 0
303 2 0 0 0 0 0 0 0 0
311 4474 0 0 0 0 0 0 0 0
312 4 0 0 0 0 0 2 0 0
313 2 1 1 0 0 0 0 0 0
316 1 0 0 0 0 0 1 0 0
317 1 0 0 0 0 0 1 0 0
318 4 0 0 1 1 0 2 0 0
321 164 0 0 0 0 0 0 0 0
322 328 1 1 246 0 0 0 0 0
329 328 0 0 82 0 0 0 0 0
332 66 0 0 0 0 0 0 0 0
334 410 1 1 164 0 0 0 0 0
339 164 0 0 164 0 0 82 0 0
341 246 0 0 164 0 0 82 0 0
342 82 0 0 0 0 0 82 0 0
355 25032 2 2 2086 0 0 20860 12 0
356 2086 0 0 2086 4 0 0 0 0
362 2086 0 0 2086 0 0 0 0 0
366 13082 0 0 13082 33 0 0 0 0
369 13082 1 1 0 0 0 0 0 0
373 23512 0 0 2086 0 0 4172 0 0
377 13082 0 0 6541 29 0 0 0 0
381 13082 0 0 6541 1 0 0 0 0
387 19623 0 0 6541 18 0 0 0 0
391 6541 1 1 0 0 0 6541 0 0
392 6541 0 0 0 0 0 6541 0 0
395 19623 0 0 13082 55 0 6541 0 0
396 19623 0 0 13082 20 0 6541 0 0
399 6541 0 0 6541 0 0 0 0 0
400 13082 0 0 0 0 0 0 0 0
402 19623 1 1 19623 796 106 0 0 0
403 8344 1 1 0 0 0 2086 0 0
410 84467 0 0 21709 0 0 4172 0 0
413 12990 2 2 6495 1062 180 0 0 0
415 4330 0 0 0 0 0 0 0 0
417 28106 1 1 8648 0 0 10810 0 0
420 25270 0 0 5054 1509 400 0 0 0
422 8272 1 1 2068 0 0 0 0 0
423 31020 1 1 14476 0 0 12408 6 0
427 6204 0 0 0 0 0 0 0 0
430 8958 0 0 0 0 0 0 0 0
439 18612 2 2 10340 0 0 0 0 0
461 188 1 1 94 0 0 0 0 0
469 4136 1 1 2068 0 0 0 0 0
488 1122 0 0 187 0 0 0 0 0
519 10528 0 0 2068 0 0 0 0 0
523 4329 0 0 1443 1 0 0 0 0
535 3892 1 1 1946 0 0 1946 0 0
536 1946 0 0 0 0 0 1946 0 0
537 3892 0 0 0 0 0 0 0 0
542 244 0 0 0 0 0 0 0 0
553 35004 1 1 13159 13 0 0 0 0
554 575 0 0 0 0 0 115 0 0
555 658 2 2 470 0 0 0 0 0
557 13419 0 0 0 0 0 0 0 0
560 18 0 0 0 0 0 0 0 0
561 16688 1 1 14602 0 0 0 0 0
fl=/build/glibc-Cl5G7W/glibc-2.23/elf/dl-minimal.c
fn=__libc_memalign
52 120 1 1 0 0 0 80 2 2
53 159 0 0 79 2 0 0 0 0
58 5 0 0 0 0 0 1 0 0
59 2 1 1 1 0 0 0 0 0
64 160 0 0 0 0 0 40 0 0
67 260 1 1 0 0 0 0 0 0
71 20 0 0 5 0 0 0 0 0
72 10 0 0 0 0 0 0 0 0
78 40 0 0 0 0 0 5 0 0
80 25 0 0 10 0 0 0 0 0
84 15 0 0 0 0 0 5 0 0
87 40 1 1 0 0 0 40 0 0
88 40 0 0 0 0 0 40 0 0
90 200 0 0 120 0 0 0 0 0
fn=calloc
103 17 1 1 0 0 0 0 0 0
107 17 0 0 0 0 0 0 0 0
111 85 0 0 0 0 0 0 0 0
114 17 0 0 0 0 0 0 0 0
fn=free
120 3 1 1 0 0 0 3 0 0
122 9 0 0 3 0 0 0 0 0
129 6 0 0 6 0 0 0 0 0
fn=malloc
94 39 0 0 0 0 0 0 0 0
95 78 0 0 0 0 0 0 0 0
fn=strsep
354 4 1 1 2 0 0 0 0 0
356 2 0 0 2 0 0 0 0 0
357 4 0 0 0 0 0 0 0 0
361 77 1 1 15 0 0 0 0 0
366 56 0 0 28 0 0 0 0 0
368 84 0 0 28 0 0 0 0 0
376 14 0 0 0 0 0 0 0 0
379 1 0 0 0 0 0 1 0 0
383 2 0 0 2 0 0 0 0 0
fl=/build/glibc-Cl5G7W/glibc-2.23/elf/dl-misc.c
fn=_dl_higher_prime_number
344 2 0 0 0 0 0 0 0 0
345 2 0 0 0 0 0 0 0 0
347 25 0 0 3 0 0 0 0 0
349 80 1 1 0 0 0 0 0 0
350 37 0 0 10 4 2 0 0 0
351 3 0 0 0 0 0 0 0 0
fn=_dl_name_match_p
288 1100 1 1 0 0 0 440 0 0
289 880 0 0 220 10 0 220 0 0
290 238 0 0 0 0 0 0 0 0
292 220 0 0 220 0 0 0 0 0
294 876 0 0 0 0 0 0 0 0
295 1180 1 1 236 19 0 236 0 0
298 218 0 0 218 0 0 0 0 0
300 202 0 0 0 0 0 0 0 0
301 1100 0 0 660 0 0 0 0 0
fn=_dl_sysdep_read_whole_file
45 8 2 2 0 0 0 4 0 0
52 3 0 0 0 0 0 1 0 0
53 2 0 0 0 0 0 0 0 0
55 7 0 0 0 0 0 1 0 0
57 2 0 0 1 0 0 1 0 0
60 2 0 0 0 0 0 0 0 0
62 8 1 1 0 0 0 1 0 0
73 2 0 0 0 0 0 1 0 0
76 7 0 0 5 0 0 0 0 0
fl=/build/glibc-Cl5G7W/glibc-2.23/elf/dl-object.c
fn=_dl_add_to_namespace_list
32 30 1 1 0 0 0 18 0 0
34 18 0 0 6 0 0 6 0 0
36 52 0 0 6 0 0 0 0 0
39 60 0 0 20 0 0 0 0 0
41 5 0 0 0 0 0 5 0 0
43 5 0 0 0 0 0 5 0 0
46 2 0 0 0 0 0 1 0 0
47 18 1 1 6 0 0 0 0 0
48 12 0 0 6 0 0 6 0 0
49 12 0 0 0 0 0 6 0 0
51 12 0 0 6 0 0 0 0 0
52 18 0 0 18 0 0 0 0 0
fn=_dl_new_object
61 84 1 1 0 0 0 60 2 2
62 18 0 0 0 0 0 6 0 0
68 78 3 3 12 1 1 0 0 0
75 30 0 0 0 0 0 12 0 0
78 12 1 1 0 0 0 0 0 0
81 6 0 0 0 0 0 6 3 3
82 12 0 0 0 0 0 6 6 6
85 12 0 0 0 0 0 6 3 3
87 30 0 0 12 0 0 12 2 2
89 6 1 1 0 0 0 6 0 0
97 36 0 0 12 0 0 6 1 1
98 36 0 0 12 6 6 6 0 0
101 12 0 0 6 0 0 0 0 0
102 17 0 0 5 0 0 6 6 6
103 6 1 1 0 0 0 6 1 1
107 6 0 0 0 0 0 6 0 0
110 50 0 0 0 0 0 0 0 0
112 32 0 0 0 0 0 16 4 4
122 12 0 0 0 0 0 6 1 1
123 6 1 1 0 0 0 6 6 6
128 36 0 0 6 1 1 0 0 0
130 21 0 0 0 0 0 5 3 3
133 14 1 1 0 0 0 0 0 0
137 18 0 0 6 0 0 0 0 0
141 30 1 1 0 0 0 0 0 0
143 5 1 1 1 0 0 0 0 0
149 1 0 0 0 0 0 1 0 0
152 12 1 1 0 0 0 6 0 0
155 18 0 0 0 0 0 6 0 0
157 35 0 0 5 0 0 10 0 0
161 20 0 0 5 0 0 0 0 0
165 15 0 0 0 0 0 5 0 0
166 20 0 0 0 0 0 0 0 0
168 1 1 1 0 0 0 0 0 0
211 99 1 1 10 0 0 5 0 0
216 84 0 0 0 0 0 0 0 0
217 178 0 0 84 0 0 0 0 0
222 10 0 0 0 0 0 5 0 0
225 10 0 0 0 0 0 5 0 0
229 48 0 0 42 0 0 0 0 0
fl=/build/glibc-Cl5G7W/glibc-2.23/elf/dl-open.c
fn=_dl_find_dso_for_object
182 5 2 2 1 0 0 0 0 0
183 16 1 1 5 0 0 0 0 0
184 20 0 0 10 1 0 0 0 0
185 2 0 0 1 0 0 0 0 0
188 2 0 0 1 0 0 0 0 0
192 1 0 0 1 0 0 0 0 0
fl=/build/glibc-Cl5G7W/glibc-2.23/elf/dl-profstub.c
fn=_dl_mcount_wrapper_check
38 384 2 2 256 0 0 0 0 0
39 128 0 0 128 0 0 0 0 0
fl=/build/glibc-Cl5G7W/glibc-2.23/elf/dl-reloc.c
fn=_dl_relocate_object
149 84 2 2 0 0 0 56 0 0
156 7 0 0 0 0 0 7 0 0
159 14 0 0 0 0 0 0 0 0
160 42 0 0 0 0 0 21 0 0
164 14 0 0 0 0 0 0 0 0
165 42 0 0 7 3 0 7 0 0
171 14 1 1 7 0 0 0 0 0
177 21 0 0 7 0 0 0 0 0
178 14 1 1 7 6 0 0 0 0
181 14 0 0 7 0 0 0 0 0
188 14 0 0 7 1 0 0 0 0
232 21 1 1 14 0 0 7 0 0
258 336 3 3 104 24 0 95 0 0
261 28 0 0 7 0 0 0 0 0
285 7 0 0 7 0 0 0 0 0
288 14 0 0 7 0 0 0 0 0
305 21 0 0 7 6 0 0 0 0
307 56 0 0 49 2 0 0 0 0
313 49 2 2 21 0 0 7 0 0
316 14 0 0 0 0 0 0 0 0
320 14 0 0 0 0 0 0 0 0
321 49 1 1 7 0 0 7 0 0
fl=/build/glibc-Cl5G7W/glibc-2.23/elf/dl-tls.c
fn=_dl_add_to_slotinfo
890 8 1 1 0 0 0 6 0 0
896 4 1 1 2 0 0 0 0 0
899 2 0 0 2 2 0 0 0 0
904 10 0 0 2 2 0 0 0 0
945 2 0 0 0 0 0 2 2 0
946 6 1 1 2 2 0 2 0 0
947 8 0 0 8 0 0 0 0 0
fn=_dl_allocate_tls_init
449 7 0 0 0 0 0 6 0 0
450 2 1 1 0 0 0 0 0 0
454 2 0 0 1 1 0 1 0 0
456 1 0 0 0 0 0 1 0 0
457 3 0 0 1 0 0 0 0 0
460 4 1 1 2 1 0 1 0 0
472 1 0 0 1 0 0 0 0 0
477 12 0 0 1 0 0 0 0 0
483 20 1 1 2 0 0 1 0 0
486 2 0 0 2 0 0 0 0 0
487 4 1 1 0 0 0 0 0 0
493 6 0 0 4 0 0 0 0 0
494 4 0 0 0 0 0 0 0 0
496 10 0 0 4 1 0 2 0 0
497 2 0 0 0 0 0 2 0 0
499 6 0 0 0 0 0 0 0 0
500 2 1 1 2 0 0 0 0 0
503 4 0 0 0 0 0 0 0 0
504 8 0 0 4 1 0 0 0 0
506 4 0 0 0 0 0 0 0 0
515 24 1 1 8 0 0 4 0 0
529 2 1 1 1 0 0 1 0 0
531 1 0 0 1 0 0 0 0 0
532 8 0 0 7 0 0 0 0 0
fn=_dl_allocate_tls_storage
321 2 1 1 1 0 0 0 0 0
322 3 0 0 0 0 0 1 0 0
323 2 0 0 0 0 0 0 0 0
326 1 0 0 0 0 0 1 1 1
332 2 0 0 0 0 0 1 0 0
354 3 1 1 0 0 0 3 0 0
356 1 0 0 1 0 0 0 0 0
367 3 0 0 1 0 0 1 0 0
368 2 0 0 0 0 0 0 0 0
375 2 1 1 0 0 0 0 0 0
379 297 0 0 0 0 0 289 36 36
396 5 0 0 4 0 0 0 0 0
fn=_dl_count_modids
115 2 1 1 1 0 0 0 0 0
116 2 0 0 2 0 0 0 0 0
fn=_dl_determine_tlsoffset
138 7 1 1 0 0 0 6 0 0
144 3 0 0 1 0 0 0 0 0
147 2 0 0 1 0 0 0 0 0
183 14 0 0 3 0 0 0 0 0
185 12 1 1 1 0 0 0 0 0
187 8 0 0 2 0 0 0 0 0
188 2 1 1 2 1 0 0 0 0
190 6 1 1 0 0 0 0 0 0
192 14 0 0 2 0 0 0 0 0
208 12 0 0 0 0 0 0 0 0
210 8 0 0 0 0 0 0 0 0
220 2 1 1 0 0 0 2 0 0
223 4 0 0 0 0 0 1 0 0
224 1 0 0 0 0 0 1 0 0
275 1 1 1 0 0 0 1 0 0
276 8 0 0 7 0 0 0 0 0
fn=_dl_next_tls_modid
49 2 1 1 0 0 0 0 0 0
52 8 0 0 4 0 0 0 0 0
100 2 0 0 0 0 0 2 0 0
104 4 1 1 2 0 0 0 0 0
fl=/build/glibc-Cl5G7W/glibc-2.23/elf/dl-version.c
fn=_dl_check_all_versions
380 5 1 1 0 0 0 4 0 0
384 28 0 0 7 0 0 0 0 0
385 7 0 0 0 0 0 0 0 0
386 70 1 1 7 0 0 7 0 0
389 7 0 0 5 0 0 0 0 0
fn=_dl_check_map_versions
56 167 0 0 22 0 0 0 0 0
57 45 0 0 45 0 0 0 0 0
58 291 1 1 0 0 0 56 0 0
174 63 1 1 0 0 0 42 0 0
175 2 0 0 0 0 0 0 0 0
183 2 0 0 0 0 0 0 0 0
189 21 1 1 7 0 0 0 0 0
190 2 0 0 0 0 0 0 0 0
191 14 0 0 7 1 0 7 0 0
193 14 0 0 7 0 0 7 0 0
194 28 0 0 7 0 0 21 0 0
196 14 0 0 0 0 0 0 0 0
199 15 1 1 10 0 0 5 0 0
203 25 0 0 5 4 4 0 0 0
220 22 0 0 22 1 1 0 0 0
228 33 0 0 11 0 0 0 0 0
233 88 1 1 22 0 0 0 0 0
237 399 1 1 222 9 8 48 0 0
244 144 0 0 72 0 0 0 0 0
247 72 0 0 24 0 0 0 0 0
252 13 0 0 0 0 0 0 0 0
256 66 1 1 22 0 0 0 0 0
261 18 0 0 0 0 0 6 0 0
262 6 0 0 0 0 0 0 0 0
270 14 1 1 7 0 0 0 0 0
273 20 0 0 15 0 0 0 0 0
276 356 0 0 89 16 16 0 0 0
279 267 0 0 89 6 6 0 0 0
283 84 0 0 0 0 0 0 0 0
287 18 1 1 0 0 0 0 0 0
292 6 0 0 0 0 0 6 0 0
293 24 0 0 0 0 0 6 0 0
294 12 1 1 0 0 0 0 0 0
302 6 0 0 0 0 0 6 0 0
305 18 0 0 12 1 0 6 1 0
307 18 0 0 6 0 0 0 0 0
310 20 1 1 15 0 0 0 0 0
314 33 0 0 11 0 0 0 0 0
317 72 0 0 24 0 0 0 0 0
319 72 0 0 0 0 0 0 0 0
321 120 0 0 24 0 0 24 0 0
322 72 0 0 0 0 0 24 9 9
323 72 1 1 24 0 0 24 2 2
324 72 0 0 24 0 0 24 2 2
327 72 0 0 24 0 0 0 0 0
332 13 0 0 0 0 0 0 0 0
335 33 0 0 11 0 0 0 0 0
340 6 0 0 0 0 0 0 0 0
341 6 0 0 0 0 0 0 0 0
345 18 0 0 6 0 0 0 0 0
348 20 1 1 15 0 0 0 0 0
352 84 0 0 84 0 0 0 0 0
354 178 0 0 89 0 0 0 0 0
359 504 0 0 168 0 0 84 23 23
360 252 0 0 84 0 0 84 0 0
361 84 0 0 0 0 0 84 9 9
364 267 0 0 89 0 0 0 0 0
368 84 0 0 0 0 0 0 0 0
374 62 1 1 49 0 0 0 0 0
fn=match_symbol
76 312 2 2 0 0 0 192 0 0
77 48 0 0 48 0 0 0 0 0
85 48 0 0 24 0 0 0 0 0
91 72 0 0 24 1 0 0 0 0
106 24 1 1 24 1 0 0 0 0
107 48 0 0 0 0 0 0 0 0
109 24 0 0 24 0 0 0 0 0
114 384 0 0 192 19 19 0 0 0
128 384 0 0 192 4 4 0 0 0
133 168 1 1 48 0 0 24 0 0
140 504 0 0 168 5 5 0 0 0
144 168 0 0 0 0 0 0 0 0
168 192 0 0 168 0 0 0 0 0
fl=/build/glibc-Cl5G7W/glibc-2.23/elf/do-rel.h
fn=_dl_relocate_object
47 42 0 0 14 0 0 14 0 0
48 14 0 0 14 2 0 0 0 0
58 42 1 1 14 2 0 0 0 0
61 2769 0 0 0 0 0 0 0 0
63 3652 1 1 913 341 341 0 0 0
65 70 0 0 0 0 0 0 0 0
74 12 0 0 0 0 0 0 0 0
75 106 2 2 30 0 0 0 0 0
76 44 0 0 22 0 0 0 0 0
83 16 0 0 8 0 0 8 0 0
84 8 1 1 8 0 0 0 0 0
86 24 1 1 8 0 0 0 0 0
98 24 0 0 0 0 0 0 0 0
108 15 1 1 1 1 1 0 0 0
111 5876 1 1 0 0 0 0 0 0
112 3906 0 0 1953 0 0 0 0 0
118 24 0 0 8 7 0 0 0 0
121 14 0 0 7 3 0 7 0 0
124 9713 1 1 3238 2 0 6 2 0
127 12900 0 0 3225 810 806 0 0 0
129 14 0 0 0 0 0 0 0 0
136 12900 0 0 6450 1106 219 0 0 0
137 18924 0 0 3225 0 0 3225 2 0
138 3225 1 1 3225 2 0 0 0 0
139 6450 0 0 3225 0 0 0 0 0
143 12 0 0 0 0 0 0 0 0
160 24 3 3 8 0 0 3 0 0
162 20 0 0 5 2 2 0 0 0
170 30 1 1 5 0 0 5 0 0
171 10 0 0 10 0 0 0 0 0
174 2 0 0 0 0 0 0 0 0
fn=_dl_start
83 1 0 0 1 0 0 0 0 0
84 1 0 0 1 0 0 0 0 0
111 33 0 0 0 0 0 0 0 0
112 20 0 0 10 2 2 0 0 0
116 2 0 0 1 0 0 0 0 0
124 22 0 0 0 0 0 0 0 0
136 6 0 0 6 2 2 0 0 0
137 36 1 1 6 0 0 0 0 0
fl=/build/glibc-Cl5G7W/glibc-2.23/elf/get-dynamic-info.h
fn=_dl_map_object_from_fd
39 10 0 0 0 0 0 0 0 0
43 5 0 0 0 0 0 0 0 0
45 402 0 0 134 37 37 0 0 0
47 258 0 0 0 0 0 0 0 0
60 129 0 0 0 0 0 0 0 0
61 212 1 1 0 0 0 124 29 29
62 20 0 0 0 0 0 0 0 0
64 5 0 0 0 0 0 0 0 0
65 25 1 1 0 0 0 0 0 0
67 5 0 0 0 0 0 0 0 0
68 25 0 0 0 0 0 0 0 0
70 25 0 0 0 0 0 5 0 0
71 129 0 0 0 0 0 0 0 0
78 10 0 0 0 0 0 0 0 0
98 17 0 0 7 0 0 0 0 0
99 20 1 1 10 0 0 0 0 0
100 20 0 0 10 0 0 0 0 0
101 20 0 0 10 0 0 0 0 0
103 20 0 0 10 0 0 0 0 0
108 20 1 1 10 0 0 0 0 0
109 19 0 0 9 1 1 0 0 0
110 20 0 0 10 0 0 0 0 0
116 15 0 0 5 0 0 0 0 0
121 10 0 0 5 0 0 0 0 0
128 10 1 1 5 0 0 0 0 0
129 15 0 0 10 0 0 0 0 0
145 15 0 0 5 1 1 0 0 0
150 4 0 0 2 0 0 2 1 1
152 4 0 0 0 0 0 0 0 0
154 4 0 0 0 0 0 0 0 0
156 4 0 0 0 0 0 0 0 0
159 15 1 1 5 0 0 0 0 0
161 4 0 0 1 0 0 1 0 0
169 2 0 0 1 0 0 0 0 0
174 2 1 1 0 0 0 0 0 0
177 10 0 0 5 0 0 0 0 0
fn=_dl_start
45 57 1 1 19 6 6 0 0 0
47 36 0 0 0 0 0 0 0 0
48 26 0 0 0 0 0 13 4 4
60 21 0 0 0 0 0 0 0 0
61 18 2 2 0 0 0 4 3 3
62 4 1 1 0 0 0 0 0 0
64 1 0 0 0 0 0 0 0 0
65 5 1 1 0 0 0 0 0 0
67 2 0 0 0 0 0 0 0 0
68 5 1 1 0 0 0 0 0 0
70 6 0 0 0 0 0 1 1 1
71 18 0 0 0 0 0 0 0 0
78 2 0 0 0 0 0 0 0 0
98 4 0 0 2 0 0 0 0 0
99 4 0 0 2 0 0 0 0 0
100 4 1 1 2 0 0 0 0 0
101 4 0 0 2 0 0 0 0 0
103 4 0 0 2 0 0 0 0 0
108 4 0 0 2 0 0 0 0 0
109 4 1 1 2 0 0 0 0 0
110 4 0 0 2 0 0 0 0 0
116 3 0 0 1 0 0 0 0 0
121 2 0 0 1 0 0 0 0 0
128 3 0 0 1 0 0 0 0 0
129 3 1 1 2 0 0 0 0 0
137 3 0 0 1 0 0 0 0 0
139 3 0 0 1 0 0 0 0 0
142 2 1 1 1 0 0 0 0 0
143 2 0 0 1 0 0 0 0 0
fn=dl_main
30 1 0 0 1 0 0 0 0 0
39 2 0 0 0 0 0 0 0 0
43 1 0 0 0 0 0 0 0 0
45 78 0 0 26 7 7 0 0 0
47 50 0 0 0 0 0 0 0 0
60 17 0 0 0 0 0 0 0 0
61 35 0 0 0 0 0 24 6 6
62 4 1 1 0 0 0 0 0 0
64 1 0 0 0 0 0 0 0 0
65 5 1 1 0 0 0 0 0 0
67 1 1 1 0 0 0 0 0 0
68 5 1 1 0 0 0 0 0 0
70 5 0 0 0 0 0 1 0 0
71 25 0 0 0 0 0 0 0 0
78 3 0 0 1 0 0 0 0 0
116 3 1 1 1 0 0 0 0 0
121 2 0 0 1 0 0 0 0 0
128 2 0 0 1 0 0 0 0 0
129 3 1 1 2 0 0 0 0 0
145 3 0 0 1 0 0 0 0 0
159 3 1 1 1 0 0 0 0 0
177 2 1 1 1 0 0 0 0 0
fl=/build/glibc-Cl5G7W/glibc-2.23/elf/rtld.c
fn=_dl_initial_error_catch_tsd
664 26 0 0 13 0 0 0 0 0
fn=_dl_start
302 2 0 0 0 0 0 1 1 1
303 2 0 0 0 0 0 1 0 0
304 2 0 0 0 0 0 1 1 1
305 2 0 0 0 0 0 1 0 0
306 2 1 1 0 0 0 1 0 0
314 5 0 0 0 0 0 1 1 1
317 1 0 0 0 0 0 1 0 0
323 4 1 0 0 0 0 1 0 0
332 1 0 0 0 0 0 0 0 0
335 5 0 0 1 1 0 1 1 0
339 2 1 0 1 0 0 0 0 0
353 9 2 2 0 0 0 6 1 1
371 5 0 0 0 0 0 1 1 1
394 1 0 0 0 0 0 1 0 0
397 1 0 0 0 0 0 1 1 1
408 2 0 0 0 0 0 0 0 0
413 26 2 2 9 0 0 0 0 0
415 1 1 1 1 1 1 0 0 0
440 9 0 0 7 1 0 0 0 0
fn=dl_main
719 1 0 0 1 1 0 0 0 0
721 3 0 0 1 1 0 1 0 0
730 1 1 1 0 0 0 1 0 0
732 1 0 0 0 0 0 1 0 0
737 1 0 0 0 0 0 1 0 0
790 12 2 2 0 0 0 7 2 2
799 1 0 0 0 0 0 0 0 0
805 1 0 0 0 0 0 1 0 0
809 2 0 0 0 0 0 1 0 0
812 2 0 0 0 0 0 1 1 1
816 2 0 0 0 0 0 1 1 1
817 2 1 1 0 0 0 1 0 0
822 2 0 0 0 0 0 1 0 0
832 3 1 1 1 0 0 0 0 0
1033 8 1 1 0 0 0 1 0 0
1035 2 0 0 0 0 0 0 0 0
1036 1 0 0 0 0 0 1 0 0
1037 2 1 1 1 0 0 1 0 0
1038 2 0 0 1 0 0 1 0 0
1042 3 0 0 0 0 0 1 0 0
1043 3 0 0 1 0 0 0 0 0
1064 1 0 0 0 0 0 1 1 1
1065 1 1 1 0 0 0 1 0 0
1067 1 0 0 0 0 0 1 0 0
1069 1 0 0 1 0 0 0 0 0
1072 35 0 0 1 0 0 0 0 0
1073 71 1 1 9 5 5 0 0 0
1077 3 1 1 1 0 0 1 0 0
1078 1 0 0 0 0 0 0 0 0
1082 3 1 1 2 0 0 1 0 0
1083 1 0 0 0 0 0 0 0 0
1091 1 0 0 0 0 0 1 1 1
1092 2 0 0 2 1 1 0 0 0
1094 3 1 1 0 0 0 1 0 0
1101 2 0 0 1 0 0 0 0 0
1119 1 0 0 0 0 0 0 0 0
1127 8 0 0 2 0 0 0 0 0
1128 7 2 2 3 1 1 0 0 0
1129 4 1 1 2 0 0 0 0 0
1130 1 0 0 0 0 0 1 0 0
1133 4 0 0 2 1 1 0 0 0
1134 4 0 0 2 0 0 0 0 0
1135 2 0 0 0 0 0 2 0 0
1136 6 0 0 3 0 0 0 0 0
1137 2 0 0 0 0 0 1 0 0
1164 2 0 0 1 0 0 1 0 0
1165 1 0 0 0 0 0 0 0 0
1168 2 1 1 1 0 0 1 0 0
1169 2 0 0 1 0 0 1 0 0
1170 1 0 0 0 0 0 0 0 0
1175 5 1 1 3 1 1 0 0 0
1178 2 0 0 0 0 0 0 0 0
1180 2 0 0 0 0 0 0 0 0
1182 3 1 1 1 0 0 0 0 0
1195 3 0 0 1 0 0 0 0 0
1196 8 0 0 4 0 0 1 0 0
1201 1 0 0 0 0 0 1 0 0
1203 1 1 1 0 0 0 1 1 1
1204 1 0 0 0 0 0 1 0 0
1206 2 0 0 1 0 0 0 0 0
1207 2 0 0 0 0 0 1 0 0
1211 2 0 0 1 0 0 0 0 0
1213 2 1 1 0 0 0 0 0 0
1218 2 0 0 0 0 0 1 0 0
1221 2 0 0 1 0 0 0 0 0
1237 3 1 1 0 0 0 1 0 0
1243 9 1 1 1 0 0 2 0 0
1248 2 1 1 1 0 0 1 0 0
1251 4 1 1 1 0 0 1 0 0
1253 1 0 0 0 0 0 1 0 0
1258 2 0 0 1 0 0 0 0 0
1261 3 0 0 2 0 0 1 0 0
1262 4 1 1 1 0 0 1 0 0
1263 2 0 0 0 0 0 1 0 0
1264 1 0 0 0 0 0 1 0 0
1265 1 0 0 1 0 0 0 0 0
1266 1 0 0 1 0 0 0 0 0
1271 2 0 0 1 0 0 0 0 0
1272 5 0 0 1 0 0 1 0 0
1289 2 1 1 1 1 1 0 0 0
1290 2 0 0 1 0 0 0 0 0
1292 4 0 0 1 0 0 0 0 0
1294 2 1 1 0 0 0 1 0 0
1295 4 0 0 1 0 0 1 1 1
1300 3 0 0 0 0 0 0 0 0
1301 5 0 0 1 1 1 0 0 0
1303 2 0 0 1 0 0 1 1 1
1304 2 0 0 1 0 0 1 0 0
1309 2 1 1 1 0 0 0 0 0
1314 3 0 0 1 0 0 0 0 0
1491 2 0 0 0 0 0 2 0 0
1499 3 1 1 1 0 0 0 0 0
1502 1 0 0 0 0 0 1 0 0
1506 3 0 0 1 0 0 0 0 0
1511 1 0 0 0 0 0 1 0 0
1512 1 0 0 0 0 0 1 0 0
1513 1 0 0 0 0 0 0 0 0
1517 3 0 0 1 0 0 0 0 0
1532 3 1 1 2 0 0 0 0 0
1533 1 0 0 0 0 0 0 0 0
1534 1 0 0 0 0 0 0 0 0
1536 3 0 0 1 0 0 0 0 0
1538 5 0 0 0 0 0 0 0 0
1539 3 0 0 0 0 0 1 0 0
1540 1 0 0 0 0 0 0 0 0
1542 6 1 1 1 0 0 1 0 0
1552 5 0 0 0 0 0 1 0 0
1629 4 0 0 2 0 0 0 0 0
1633 8 1 1 0 0 0 0 0 0
1634 1 0 0 0 0 0 0 0 0
1637 3 0 0 0 0 0 1 0 0
1638 1 0 0 1 0 0 0 0 0
1639 2 0 0 0 0 0 0 0 0
1640 2 0 0 0 0 0 0 0 0
1646 5 1 1 0 0 0 0 0 0
1647 8 0 0 1 0 0 1 0 0
1648 1 0 0 0 0 0 0 0 0
1650 6 1 1 1 0 0 1 0 0
1653 19 0 0 2 0 0 0 0 0
1654 28 0 0 14 0 0 0 0 0
1657 3 1 1 2 0 0 1 0 0
1658 4 1 1 1 0 0 0 0 0
1659 1 0 0 0 0 0 1 0 0
1661 18 1 1 0 0 0 0 0 0
1662 17 0 0 6 0 0 0 0 0
1672 1 1 1 0 0 0 1 0 0
1674 2 1 1 1 0 0 1 0 0
1675 3 0 0 1 0 0 0 0 0
1677 2 0 0 0 0 0 1 0 0
1679 4 0 0 1 0 0 0 0 0
1681 3 0 0 1 1 0 0 0 0
1682 1 0 0 1 0 0 0 0 0
1695 2 1 1 0 0 0 0 0 0
1696 2 0 0 0 0 0 1 0 0
1697 3 0 0 1 0 0 0 0 0
1699 2 0 0 1 0 0 0 0 0
1700 2 0 0 0 0 0 1 0 0
1708 5 0 0 1 0 0 1 0 0
1709 1 0 0 0 0 0 1 1 0
1710 5 0 0 0 0 0 1 0 0
1720 2 0 0 1 0 0 1 0 0
1721 2 1 1 1 0 0 0 0 0
1722 2 0 0 0 0 0 2 0 0
1724 2 0 0 1 0 0 0 0 0
1729 3 0 0 1 0 0 0 0 0
1959 3 0 0 1 1 1 0 0 0
2015 2 1 1 0 0 0 1 0 0
2019 4 1 1 2 0 0 2 0 0
2023 2 0 0 1 0 0 1 0 0
2026 2 0 0 1 0 0 0 0 0
2080 3 1 1 1 0 0 0 0 0
2087 1 0 0 1 0 0 0 0 0
2089 7 1 1 1 0 0 1 0 0
2091 17 1 1 0 0 0 0 0 0
2093 21 0 0 14 3 0 0 0 0
2098 14 0 0 14 3 0 0 0 0
2100 16 0 0 0 0 0 0 0 0
2102 1 1 1 0 0 0 1 0 0
2103 1 0 0 1 0 0 0 0 0
2106 7 0 0 7 0 0 0 0 0
2108 15 0 0 0 0 0 0 0 0
2109 48 0 0 12 5 0 6 0 0
2113 25 0 0 9 3 0 0 0 0
2114 6 0 0 0 0 0 2 0 0
2116 1 0 0 0 0 0 0 0 0
2118 6 0 0 1 1 0 1 0 0
2124 2 0 0 1 0 0 0 0 0
2129 4 1 1 2 0 0 0 0 0
2131 1 0 0 1 0 0 0 0 0
2136 3 1 1 1 0 0 1 0 0
2139 2 0 0 1 0 0 0 0 0
2148 3 0 0 2 2 0 0 0 0
2150 2 1 1 1 0 0 0 0 0
2165 5 0 0 0 0 0 0 0 0
2167 1 0 0 1 0 0 0 0 0
2168 5 0 0 1 0 0 1 0 0
2169 1 0 0 0 0 0 0 0 0
2171 6 1 1 1 0 0 1 0 0
2179 1 0 0 0 0 0 1 0 0
2183 3 0 0 1 0 0 0 0 0
2203 4 0 0 0 0 0 1 0 0
2204 1 0 0 0 0 0 1 0 0
2205 1 0 0 0 0 0 1 0 0
2206 1 0 0 0 0 0 0 0 0
2210 1 1 1 0 0 0 1 0 0
2215 8 0 0 7 2 0 0 0 0
2383 2 0 0 1 0 0 1 1 1
2385 1 0 0 0 0 0 1 0 0
2386 1 0 0 0 0 0 0 0 0
2390 13 1 1 1 0 0 4 0 0
2392 15 0 0 3 0 0 3 1 1
2396 107 1 1 21 0 0 0 0 0
2397 19 0 0 0 0 0 0 0 0
2399 4 0 0 0 0 0 0 0 0
2405 14 1 1 2 1 1 0 0 0
2426 6 1 1 0 0 0 1 0 0
2433 6 2 2 0 0 0 1 0 0
2435 3 0 0 0 0 0 1 0 0
2480 3 1 1 1 0 0 0 0 0
2481 6 1 1 0 0 0 1 0 0
2483 3 1 1 0 0 0 1 1 1
2553 3 0 0 1 0 0 0 0 0
2583 3 0 0 1 0 0 0 0 0
fn=handle_ld_preload
108 3 1 1 1 0 0 0 0 0
672 1 0 0 0 0 0 1 0 0
676 1 0 0 0 0 0 1 0 0
677 2 1 1 1 0 0 1 0 0
678 1 0 0 0 0 0 1 0 0
680 1 0 0 1 0 0 0 0 0
682 13 0 0 3 0 0 4 0 0
683 3 0 0 1 0 0 0 0 0
696 3 0 0 1 0 0 0 0 0
757 9 1 1 0 0 0 7 1 1
758 1 0 0 0 0 0 0 0 0
762 6 1 1 2 0 0 0 0 0
766 2 0 0 0 0 0 0 0 0
768 6 1 1 0 0 0 1 0 0
769 2 0 0 0 0 0 1 0 0
776 4 0 0 0 0 0 0 0 0
779 2 0 0 1 0 0 0 0 0
780 1 0 0 0 0 0 0 0 0
783 9 1 1 7 0 0 0 0 0
fn=init_tls
589 2 1 1 0 0 0 1 0 0
591 2 0 0 1 1 0 1 0 0
595 2 0 0 1 1 0 0 0 0
604 1 1 1 0 0 0 1 0 0
605 4 0 0 0 0 0 1 0 0
610 1 0 0 0 0 0 0 0 0
611 2 0 0 0 0 0 1 0 0
612 1 0 0 0 0 0 1 0 0
616 2 0 0 1 1 1 0 0 0
617 1 0 0 0 0 0 0 0 0
618 17 1 1 1 0 0 0 0 0
619 14 0 0 7 0 0 0 0 0
620 14 0 0 7 2 0 0 0 0
624 6 0 0 0 0 0 2 1 1
626 2 0 0 0 0 0 0 0 0
628 3 0 0 0 0 0 0 0 0
631 1 1 1 0 0 0 1 0 0
638 2 0 0 0 0 0 1 0 0
639 2 0 0 0 0 0 0 0 0
645 2 1 1 1 0 0 1 0 0
648 7 0 0 0 0 0 2 0 0
651 1 1 0 0 0 0 1 0 0
653 1 0 0 0 0 0 0 0 0
654 2 0 0 2 0 0 0 0 0
fn=map_doit
496 2 1 1 0 0 0 1 0 0
498 1 0 0 1 0 0 0 0 0
499 9 0 0 2 0 0 2 0 0
501 2 0 0 2 0 0 0 0 0
fn=rtld_lock_default_lock_recursive
704 258 1 1 258 4 1 0 0 0
fn=rtld_lock_default_unlock_recursive
710 258 0 0 258 1 0 0 0 0
fn=version_check_doit
529 2 1 1 0 0 0 1 0 0
531 6 1 0 2 0 0 1 0 0
535 2 0 0 2 0 0 0 0 0
fl=/build/glibc-Cl5G7W/glibc-2.23/elf/setup-vdso.h
fn=dl_main
24 2 0 0 1 0 0 0 0 0
fl=/build/glibc-Cl5G7W/glibc-2.23/iconv/gconv_simple.c
fn=__gconv_btwoc_ascii
52 512 1 1 0 0 0 0 0 0
55 128 0 0 128 0 0 0 0 0
fl=/build/glibc-Cl5G7W/glibc-2.23/io/../sysdeps/unix/syscall-template.S
fn=access
84 24 1 1 0 0 0 0 0 0
86 30 0 0 6 0 0 6 0 0
fn=close
84 24 1 1 0 0 0 0 0 0
85 6 0 0 6 0 0 0 0 0
fn=open
84 52 1 1 0 0 0 0 0 0
85 6 0 0 6 0 0 0 0 0
86 35 0 0 7 0 0 7 0 0
fn=read
84 20 1 1 0 0 0 0 0 0
85 5 0 0 5 0 0 0 0 0
fl=/build/glibc-Cl5G7W/glibc-2.23/io/../sysdeps/unix/sysv/linux/wordsize-64/fxstat.c
fn=_fxstat
33 6 0 0 0 0 0 0 0 0
34 12 1 1 0 0 0 0 0 0
35 36 0 0 0 0 0 0 0 0
39 6 0 0 6 0 0 0 0 0
fl=/build/glibc-Cl5G7W/glibc-2.23/io/../sysdeps/unix/sysv/linux/wordsize-64/xstat.c
fn=_xstat
33 4 0 0 0 0 0 0 0 0
34 8 1 1 0 0 0 0 0 0
35 36 0 0 3 0 0 3 0 0
39 1 0 0 1 0 0 0 0 0
fl=/build/glibc-Cl5G7W/glibc-2.23/locale/newlocale.c
fn=newlocale
44 10 1 1 0 0 0 7 0 0
56 2 0 0 0 0 0 0 0 0
57 2 2 2 0 0 0 0 0 0
64 2 0 0 0 0 0 0 0 0
67 4 1 1 1 0 0 0 0 0
73 2 0 0 0 0 0 0 0 0
74 6 1 1 2 0 0 0 0 0
76 1 0 0 0 0 0 0 0 0
279 8 0 0 7 0 0 0 0 0
fl=/build/glibc-Cl5G7W/glibc-2.23/locale/uselocale.c
fn=uselocale
31 4 1 1 4 2 0 0 0 0
33 6 1 1 0 0 0 0 0 0
36 4 0 0 0 0 0 0 0 0
37 2 0 0 0 0 0 2 0 0
65 6 0 0 4 2 0 2 0 0
66 6 0 0 4 1 0 2 0 0
68 6 0 0 4 0 0 2 0 0
72 6 1 1 0 0 0 0 0 0
73 2 0 0 2 0 0 0 0 0
fl=/build/glibc-Cl5G7W/glibc-2.23/malloc/arena.c
fn=malloc_hook_ini
260 3 0 0 1 1 1 0 0 0
fn=ptmalloc_init.part.5
221 210 0 0 70 10 0 0 0 0
223 138 0 0 69 34 0 0 0 0
224 2 0 0 1 0 0 0 0 0
225 2 0 0 1 0 0 0 0 0
239 69 0 0 0 0 0 0 0 0
258 6 1 1 0 0 0 5 0 0
263 1 0 0 0 0 0 1 0 0
271 2 1 1 1 0 0 0 0 0
272 7 2 2 0 0 0 1 0 0
273 4 0 0 2 1 0 0 0 0
277 3 0 0 1 1 0 1 1 0
279 5 0 0 2 2 0 0 0 0
295 2 1 1 0 0 0 0 0 0
340 2 1 1 0 0 0 0 0 0
346 2 0 0 2 1 1 0 0 0
347 2 0 0 0 0 0 0 0 0
349 1 0 0 0 0 0 1 1 0
350 7 0 0 6 1 0 0 0 0
fn=realloc_hook_ini
260 4 1 1 1 0 0 0 0 0
fn=sysmalloc
488 3 0 0 0 0 0 1 0 0
fl=/build/glibc-Cl5G7W/glibc-2.23/malloc/hooks.c
fn=malloc_hook_ini
29 4 1 1 0 0 0 2 0 0
30 2 1 1 1 0 0 1 0 0
33 4 0 0 3 1 0 0 0 0
fn=realloc_hook_ini
37 9 1 1 0 0 0 6 0 0
38 2 0 0 1 0 0 1 0 0
39 2 0 0 1 0 0 1 0 0
42 9 1 1 7 0 0 0 0 0
fl=/build/glibc-Cl5G7W/glibc-2.23/malloc/malloc.c
fn=_int_free
1886 3 0 0 1 0 0 0 0 0
3841 10 1 1 0 0 0 7 0 0
3854 3 0 0 1 0 0 0 0 0
3860 4 1 1 0 0 0 0 0 0
3861 2 0 0 0 0 0 0 0 0
3872 4 0 0 0 0 0 0 0 0
3885 2 0 0 1 0 0 0 0 0
3896 4 0 0 1 0 0 0 0 0
3897 3 1 1 1 0 0 0 0 0
3921 1 0 0 0 0 0 0 0 0
3923 3 0 0 2 0 0 0 0 0
3924 3 1 1 0 0 0 0 0 0
3925 1 0 0 0 0 0 0 0 0
3928 1 0 0 1 0 0 0 0 0
3934 7 0 0 1 0 0 0 0 0
3943 4 0 0 0 0 0 0 0 0
3945 1 0 0 0 0 0 1 0 0
3947 6 1 1 2 0 0 0 0 0
3949 4 1 1 0 0 0 0 0 0
4105 8 1 1 7 0 0 0 0 0
fn=_int_malloc
1879 11 1 1 3 0 0 0 0 0
3319 21 0 0 0 0 0 18 0 0
3349 30 2 1 0 0 0 0 0 0
3353 9 2 1 0 0 0 3 0 0
3367 6 0 0 3 2 1 0 0 0
3369 4 0 0 0 0 0 0 0 0
3370 2 0 0 0 0 0 0 0 0
3371 1 0 0 1 0 0 0 0 0
3375 2 0 0 0 0 0 0 0 0
3404 6 2 1 0 0 0 0 0 0
3406 3 0 0 0 0 0 1 0 0
3407 4 0 0 0 0 0 0 0 0
3409 3 0 0 1 0 0 0 0 0
3448 43 8 5 0 0 0 2 0 0
3449 4 0 0 2 0 0 0 0 0
3450 2 0 0 0 0 0 1 0 0
3469 15 1 1 3 1 0 0 0 0
3603 6 1 1 0 0 0 0 0 0
3605 8 1 1 2 0 0 0 0 0
3608 8 0 0 2 1 0 0 0 0
3676 6 0 0 3 0 0 0 0 0
3677 6 1 1 0 0 0 0 0 0
3678 6 0 0 0 0 0 0 0 0
3679 6 0 0 3 2 0 0 0 0
3680 6 0 0 0 0 0 0 0 0
3685 6 0 0 0 0 0 0 0 0
3689 14 2 1 0 0 0 0 0 0
3692 11 0 0 3 0 0 0 0 0
3792 3 1 1 3 1 0 0 0 0
3793 6 0 0 3 1 0 0 0 0
3795 9 0 0 0 0 0 0 0 0
3797 1 0 0 0 0 0 0 0 0
3798 1 0 0 0 0 0 0 0 0
3799 1 0 0 0 0 0 1 0 0
3800 8 1 1 0 0 0 1 0 0
3802 2 0 0 0 0 0 1 0 0
3805 1 0 0 0 0 0 0 0 0
3812 4 0 0 2 0 0 0 0 0
3817 9 0 0 0 0 0 3 0 0
3819 78 4 2 0 0 0 30 0 0
3827 6 4 2 0 0 0 2 0 0
3828 4 0 0 0 0 0 0 0 0
3833 27 2 2 21 0 0 0 0 0
5002 9 0 0 0 0 0 6 0 0
5004 12 0 0 0 0 0 3 0 0
fn=free
2934 5 1 1 0 0 0 4 0 0
2939 2 1 1 2 1 0 0 0 0
2940 2 0 0 0 0 0 0 0 0
2946 2 0 0 0 0 0 0 0 0
2949 1 0 0 0 0 0 0 0 0
2951 3 0 0 1 0 0 0 0 0
2967 3 0 0 0 0 0 0 0 0
2968 2 0 0 0 0 0 1 0 0
2969 6 1 1 5 0 0 0 0 0
fn=malloc
2902 9 1 1 0 0 0 6 0 0
2907 6 0 0 6 3 0 0 0 0
2908 6 1 1 0 0 0 0 0 0
2909 2 1 1 1 0 0 0 0 0
2911 28 1 1 10 1 0 0 0 0
2913 8 1 1 0 0 0 2 0 0
2916 4 0 0 0 0 0 0 0 0
2924 8 0 0 4 0 0 0 0 0
2926 17 1 1 2 0 0 0 0 0
2929 11 0 0 8 0 0 0 0 0
fn=malloc_consolidate
1805 254 0 0 0 0 0 0 0 0
1808 381 0 0 0 0 0 254 32 32
1812 3 1 1 0 0 0 0 0 0
1816 3 1 1 1 0 0 1 0 0
1817 3 0 0 1 0 0 1 0 0
1819 1 0 0 0 0 0 1 1 1
4144 2 1 1 1 0 0 0 0 0
4996 4 1 1 0 0 0 0 0 0
fn=malloc_hook_ini
2908 2 0 0 0 0 0 0 0 0
2911 13 2 2 5 1 0 0 0 0
2913 4 1 1 0 0 0 1 0 0
2916 2 0 0 0 0 0 0 0 0
2923 2 1 1 1 1 0 1 0 0
2924 4 0 0 2 0 0 0 0 0
2926 11 1 1 1 0 0 0 0 0
fn=realloc
2974 9 1 1 0 0 0 6 0 0
2981 2 0 0 2 1 0 0 0 0
2982 2 0 0 0 0 0 0 0 0
2983 4 1 1 1 0 0 1 0 0
3064 9 1 1 7 0 0 0 0 0
fn=realloc_hook_ini
2982 2 0 0 0 0 0 0 0 0
2986 4 0 0 0 0 0 0 0 0
2988 4 1 1 0 0 0 1 0 0
fn=sysmalloc
2268 16 1 1 0 0 0 12 1 0
2288 4 0 0 4 2 0 0 0 0
2299 4 0 0 0 0 0 0 0 0
2300 8 1 1 2 1 0 1 1 0
2301 3 2 2 2 1 0 0 0 0
2315 9 0 0 0 0 0 2 0 0
2321 3 1 1 0 0 0 0 0 0
2323 7 1 1 0 0 0 1 0 0
2325 2 1 1 0 0 0 0 0 0
2340 3 1 1 0 0 0 0 0 0
2355 3 1 1 0 0 0 1 1 1
2360 3 0 0 2 0 0 0 0 0
2361 5 0 0 2 0 0 0 0 0
2364 3 0 0 2 0 0 0 0 0
2365 5 0 0 2 0 0 0 0 0
2380 1 0 0 1 0 0 0 0 0
2381 3 0 0 1 0 0 0 0 0
2382 1 1 1 0 0 0 0 0 0
2391 6 0 0 1 0 0 0 0 0
2397 4 0 0 0 0 0 1 1 0
2400 3 0 0 0 0 0 0 0 0
2455 4 0 0 1 0 0 0 0 0
2463 2 1 1 1 0 0 0 0 0
2464 1 0 0 0 0 0 0 0 0
2474 6 1 1 0 0 0 2 0 0
2482 2 0 0 0 0 0 0 0 0
2484 6 1 1 2 0 0 3 0 0
2485 1 0 0 0 0 0 0 0 0
2488 4 1 1 2 0 0 0 0 0
2491 2 0 0 2 1 0 0 0 0
2492 2 0 0 0 0 0 0 0 0
2512 2 0 0 0 0 0 0 0 0
2538 2 0 0 1 1 1 0 0 0
2539 5 1 1 0 0 0 2 0 0
2540 3 0 0 1 0 0 1 0 0
2546 2 1 1 0 0 0 0 0 0
2549 7 2 2 1 0 0 0 0 0
2586 2 0 0 0 0 0 0 0 0
2592 3 0 0 0 0 0 0 0 0
2611 1 0 0 0 0 0 0 0 0
2614 2 0 0 0 0 0 0 0 0
2615 6 1 1 2 0 0 0 0 0
2617 2 0 0 0 0 0 0 0 0
2618 3 0 0 2 0 0 1 0 0
2630 2 0 0 0 0 0 0 0 0
2638 3 1 1 3 0 0 0 0 0
2639 3 0 0 1 0 0 0 0 0
2677 1 0 0 0 0 0 1 0 0
2678 5 0 0 0 0 0 1 1 1
2679 2 0 0 0 0 0 1 0 0
2690 2 0 0 0 0 0 0 0 0
2723 2 1 1 1 0 0 0 0 0
2724 1 0 0 0 0 0 1 0 0
2732 4 0 0 2 0 0 0 0 0
2734 1 0 0 0 0 0 0 0 0
2735 1 0 0 0 0 0 0 0 0
2736 1 0 0 0 0 0 1 0 0
2737 8 1 1 0 0 0 1 0 0
2738 2 0 0 0 0 0 1 1 1
2740 1 0 0 0 0 0 0 0 0
2746 18 0 0 14 0 0 0 0 0
fl=/build/glibc-Cl5G7W/glibc-2.23/malloc/morecore.c
fn=__default_morecore
46 2 1 1 0 0 0 0 0 0
47 2 0 0 0 0 0 2 0 0
48 6 0 0 0 0 0 0 0 0
52 4 0 0 2 0 0 0 0 0
fl=/build/glibc-Cl5G7W/glibc-2.23/math/../sysdeps/x86_64/fpu/math_private.h
fn=sqrt
58 1 0 0 0 0 0 0 0 0
fl=/build/glibc-Cl5G7W/glibc-2.23/math/../sysdeps/x86_64/fpu/multiarch/e_asin.c
fn=__acos_finite
10 5 2 2 3 0 0 0 0 0
fn=__asin_finite
16 5 0 0 3 0 0 0 0 0
fl=/build/glibc-Cl5G7W/glibc-2.23/math/../sysdeps/x86_64/fpu/multiarch/e_exp.c
fn=__exp_finite
9 8 1 1 3 0 0 0 0 0
fl=/build/glibc-Cl5G7W/glibc-2.23/math/../sysdeps/x86_64/fpu/multiarch/e_pow.c
fn=__pow_finite
8 5 1 1 3 0 0 0 0 0
fl=/build/glibc-Cl5G7W/glibc-2.23/math/../sysdeps/x86_64/fpu/multiarch/s_ceil.S
fn=ceil
25 1 1 1 1 0 0 0 0 0
26 1 0 0 0 0 0 0 0 0
27 1 1 1 1 0 0 0 0 0
28 1 0 0 0 0 0 0 0 0
30 1 0 0 1 0 0 0 0 0
fl=/build/glibc-Cl5G7W/glibc-2.23/math/../sysdeps/x86_64/fpu/multiarch/s_ceilf.S
fn=ceilf
25 1 1 1 1 0 0 0 0 0
26 1 0 0 0 0 0 0 0 0
27 1 0 0 1 0 0 0 0 0
28 1 0 0 0 0 0 0 0 0
30 1 0 0 1 0 0 0 0 0
fl=/build/glibc-Cl5G7W/glibc-2.23/math/../sysdeps/x86_64/fpu/multiarch/s_floor.S
fn=floor
25 1 1 1 1 0 0 0 0 0
26 1 0 0 0 0 0 0 0 0
27 1 1 1 1 0 0 0 0 0
28 1 0 0 0 0 0 0 0 0
30 1 0 0 1 0 0 0 0 0
fl=/build/glibc-Cl5G7W/glibc-2.23/math/../sysdeps/x86_64/fpu/multiarch/s_floorf.S
fn=floorf
25 1 1 1 1 0 0 0 0 0
26 1 0 0 0 0 0 0 0 0
27 1 1 1 1 0 0 0 0 0
28 1 0 0 0 0 0 0 0 0
30 1 0 0 1 0 0 0 0 0
fl=/build/glibc-Cl5G7W/glibc-2.23/math/../sysdeps/x86_64/fpu/multiarch/s_rint.S
fn=rint
25 1 1 1 1 0 0 0 0 0
26 1 0 0 0 0 0 0 0 0
27 1 0 0 1 0 0 0 0 0
28 1 0 0 0 0 0 0 0 0
30 1 1 1 1 0 0 0 0 0
fl=/build/glibc-Cl5G7W/glibc-2.23/math/../sysdeps/x86_64/fpu/multiarch/s_rintf.S
fn=rintf
25 1 1 1 1 0 0 0 0 0
26 1 0 0 0 0 0 0 0 0
27 1 0 0 1 0 0 0 0 0
28 1 0 0 0 0 0 0 0 0
30 1 0 0 1 0 0 0 0 0
fl=/build/glibc-Cl5G7W/glibc-2.23/math/../sysdeps/x86_64/fpu/multiarch/s_sin.c
fn=cos
12 8 2 2 3 0 0 0 0 0
fl=/build/glibc-Cl5G7W/glibc-2.23/math/w_sqrt.c
fn=sqrt
27 3 1 1 0 0 0 0 0 0
31 1 0 0 1 0 0 0 0 0
fl=/build/glibc-Cl5G7W/glibc-2.23/misc/../sysdeps/unix/syscall-template.S
fn=mprotect
84 48 1 1 0 0 0 0 0 0
85 12 0 0 12 0 0 0 0 0
fn=munmap
84 4 1 1 0 0 0 0 0 0
85 1 0 0 1 0 0 0 0 0
fl=/build/glibc-Cl5G7W/glibc-2.23/misc/../sysdeps/unix/sysv/linux/wordsize-64/mmap.c
fn=mmap
32 190 0 0 0 0 0 114 4 4
33 110 4 4 5 0 0 0 0 0
34 190 0 0 0 0 0 0 0 0
36 133 0 0 133 0 0 0 0 0
fl=/build/glibc-Cl5G7W/glibc-2.23/misc/../sysdeps/unix/sysv/linux/x86_64/brk.c
fn=brk
31 16 1 1 2 0 0 2 0 0
33 4 0 0 0 0 0 0 0 0
39 2 0 0 0 0 0 0 0 0
40 2 0 0 2 0 0 0 0 0
fl=/build/glibc-Cl5G7W/glibc-2.23/misc/init-misc.c
fn=__init_misc
30 3 0 0 0 0 0 2 0 0
31 6 1 1 1 0 0 0 0 0
33 3 0 0 0 0 0 1 0 0
37 5 1 1 1 1 0 1 1 0
38 3 0 0 2 1 0 1 0 0
40 4 0 0 3 0 0 0 0 0
fl=/build/glibc-Cl5G7W/glibc-2.23/misc/sbrk.c
fn=sbrk
34 8 1 1 0 0 0 6 0 0
42 11 0 0 5 3 1 0 0 0
43 6 1 1 1 0 0 1 1 0
46 4 0 0 0 0 0 0 0 0
50 6 0 0 0 0 0 0 0 0
58 4 0 0 0 0 0 1 0 0
62 10 1 1 8 0 0 0 0 0
fl=/build/glibc-Cl5G7W/glibc-2.23/posix/../sysdeps/unix/syscall-template.S
fn=uname
84 4 1 1 0 0 0 0 0 0
85 1 0 0 1 0 0 0 0 0
fl=/build/glibc-Cl5G7W/glibc-2.23/setjmp/../sysdeps/x86_64/bsd-_setjmp.S
fn=_setjmp
30 1 1 1 0 0 0 0 0 0
32 1 0 0 0 0 0 0 0 0
fl=/build/glibc-Cl5G7W/glibc-2.23/setjmp/../sysdeps/x86_64/setjmp.S
fn=__sigsetjmp
26 13 2 2 0 0 0 13 1 0
35 13 0 0 0 0 0 0 0 0
36 26 1 1 13 0 0 0 0 0
37 13 0 0 0 0 0 13 0 0
41 13 0 0 0 0 0 13 2 2
42 13 0 0 0 0 0 13 0 0
43 13 0 0 0 0 0 13 1 0
44 13 0 0 0 0 0 13 0 0
45 13 0 0 0 0 0 0 0 0
47 26 1 1 13 0 0 0 0 0
49 13 0 0 0 0 0 13 0 0
50 13 0 0 13 0 0 0 0 0
51 13 0 0 0 0 0 0 0 0
53 26 0 0 13 0 0 0 0 0
55 13 1 1 0 0 0 13 0 0
59 12 0 0 0 0 0 0 0 0
60 12 0 0 12 0 0 0 0 0
64 1 0 0 0 0 0 0 0 0
fl=/build/glibc-Cl5G7W/glibc-2.23/setjmp/sigjmp.c
fn=__sigjmp_save
28 3 0 0 0 0 0 1 0 0
29 3 0 0 0 0 0 1 0 0
34 3 0 0 2 0 0 0 0 0
fl=/build/glibc-Cl5G7W/glibc-2.23/stdlib/cxa_atexit.c
fn=__cxa_atexit
35 14 0 0 0 0 0 7 0 0
37 14 0 0 0 0 0 0 0 0
41 21 0 0 7 1 0 0 0 0
43 7 0 0 0 0 0 7 0 0
44 7 0 0 0 0 0 7 3 0
45 7 0 0 0 0 0 7 0 0
47 7 1 1 0 0 0 7 0 0
48 7 0 0 0 0 0 0 0 0
57 42 1 1 0 0 0 21 0 0
59 28 0 0 28 0 0 0 0 0
fn=__new_exitfn
73 28 1 1 0 0 0 14 0 0
79 42 1 1 14 5 2 0 0 0
81 45 1 1 8 3 0 0 0 0
83 33 1 1 7 3 0 0 0 0
84 30 0 0 6 2 0 0 0 0
91 2 0 0 0 0 0 1 0 0
94 12 0 0 0 0 0 0 0 0
112 1 1 1 0 0 0 0 0 0
113 2 1 1 0 0 0 1 0 0
119 18 0 0 0 0 0 0 0 0
120 12 0 0 0 0 0 6 0 0
126 7 1 1 0 0 0 7 1 0
127 7 0 0 7 3 1 0 0 0
130 28 0 0 14 0 0 0 0 0
133 35 0 0 21 0 0 0 0 0
fl=/build/glibc-Cl5G7W/glibc-2.23/string/../bits/stdlib-bsearch.h
fn=intel_check_word
27 8 0 0 0 0 0 0 0 0
28 16 0 0 0 0 0 0 0 0
29 110 0 0 0 0 0 0 0 0
31 154 0 0 0 0 0 0 0 0
32 54 0 0 0 0 0 0 0 0
37 8 1 1 0 0 0 0 0 0
fl=/build/glibc-Cl5G7W/glibc-2.23/string/../string/memmove.c
fn=memmove
45 24 1 1 0 0 0 16 0 0
51 16 0 0 0 0 0 0 0 0
59 16 1 1 0 0 0 0 0 0
62 10 0 0 0 0 0 0 0 0
63 4 0 0 0 0 0 0 0 0
75 28 2 2 0 0 0 2 0 0
81 60 0 0 8 0 0 8 0 0
112 28 1 1 20 0 0 0 0 0
fl=/build/glibc-Cl5G7W/glibc-2.23/string/../sysdeps/x86_64/cacheinfo.c
fn=handle_intel
261 16 0 0 0 0 0 12 0 0
262 4 1 1 0 0 0 0 0 0
273 6 0 0 0 0 0 2 0 0
275 2 1 1 0 0 0 2 0 0
276 4 0 0 0 0 0 2 0 0
278 2 0 0 0 0 0 0 0 0
284 10 1 1 0 0 0 2 0 0
289 4 0 0 0 0 0 0 0 0
291 6 0 0 0 0 0 2 0 0
292 2 0 0 0 0 0 0 0 0
296 8 0 0 0 0 0 2 0 0
297 4 0 0 0 0 0 0 0 0
300 10 1 1 0 0 0 2 0 0
301 4 0 0 0 0 0 0 0 0
318 16 1 1 14 0 0 0 0 0
fn=init_cacheinfo
482 5 1 1 0 0 0 5 0 0
494 4 0 0 2 1 0 0 0 0
496 5 0 0 1 0 0 1 0 0
499 1 0 0 0 0 0 0 0 0
500 4 1 1 0 0 0 1 0 0
502 2 0 0 0 0 0 0 0 0
511 2 0 0 0 0 0 0 0 0
513 1 0 0 1 0 0 0 0 0
514 1 0 0 1 0 0 0 0 0
516 1 0 0 0 0 0 0 0 0
521 18 1 1 0 0 0 0 0 0
527 8 0 0 0 0 0 0 0 0
530 20 0 0 0 0 0 0 0 0
532 1 1 1 0 0 0 0 0 0
538 6 0 0 0 0 0 0 0 0
545 11 1 1 0 0 0 0 0 0
547 2 0 0 0 0 0 0 0 0
548 2 0 0 0 0 0 0 0 0
549 8 0 0 0 0 0 0 0 0
551 4 0 0 0 0 0 0 0 0
556 1 0 0 0 0 0 0 0 0
558 3 0 0 0 0 0 0 0 0
559 4 0 0 0 0 0 0 0 0
564 2 0 0 0 0 0 0 0 0
565 6 1 1 0 0 0 0 0 0
596 4 0 0 0 0 0 0 0 0
597 5 0 0 0 0 0 0 0 0
652 2 0 0 0 0 0 0 0 0
654 3 1 1 0 0 0 1 0 0
655 1 0 0 0 0 0 1 1 1
657 1 0 0 0 0 0 0 0 0
658 3 0 0 0 0 0 1 0 0
659 1 0 0 0 0 0 1 0 0
662 2 0 0 0 0 0 0 0 0
664 3 0 0 0 0 0 1 0 0
665 1 0 0 0 0 0 1 0 0
667 1 1 1 0 0 0 0 0 0
668 3 0 0 0 0 0 1 0 0
669 1 0 0 0 0 0 1 0 0
671 6 0 0 6 0 0 0 0 0
fn=intel_check_word
121 108 0 0 54 6 6 0 0 0
124 54 1 1 0 0 0 0 0 0
132 24 0 0 0 0 0 16 0 0
133 8 1 1 0 0 0 0 0 0
135 2 0 0 0 0 0 0 0 0
139 28 1 1 0 0 0 0 0 0
141 24 0 0 0 0 0 0 0 0
143 10 0 0 0 0 0 0 0 0
145 20 0 0 0 0 0 0 0 0
153 20 1 1 0 0 0 0 0 0
165 17 1 1 0 0 0 0 0 0
168 15 0 0 0 0 0 0 0 0
172 10 1 1 0 0 0 0 0 0
174 10 0 0 0 0 0 0 0 0
175 26 0 0 0 0 0 0 0 0
177 21 0 0 0 0 0 0 0 0
178 10 0 0 0 0 0 0 0 0
179 10 0 0 0 0 0 0 0 0
180 6 0 0 0 0 0 0 0 0
182 2 1 1 0 0 0 0 0 0
184 4 0 0 0 0 0 0 0 0
186 32 2 2 0 0 0 0 0 0
197 3 0 0 0 0 0 0 0 0
204 16 0 0 0 0 0 0 0 0
209 8 0 0 4 0 0 0 0 0
212 24 0 0 8 0 0 0 0 0
226 8 0 0 0 0 0 0 0 0
251 8 0 0 0 0 0 0 0 0
256 24 0 0 20 0 0 0 0 0
fl=/build/glibc-Cl5G7W/glibc-2.23/string/../sysdeps/x86_64/memcpy.S
fn=mempcpy
61 30 1 1 0 0 0 0 0 0
65 30 0 0 0 0 0 0 0 0
68 28 0 0 0 0 0 0 0 0
69 28 0 0 0 0 0 0 0 0
71 15 0 0 15 2 2 0 0 0
72 15 0 0 0 0 0 15 3 3
74 15 1 1 0 0 0 0 0 0
75 15 0 0 0 0 0 0 0 0
80 28 0 0 0 0 0 0 0 0
81 28 0 0 0 0 0 0 0 0
83 16 0 0 16 0 0 0 0 0
84 16 0 0 0 0 0 16 2 2
86 16 0 0 0 0 0 0 0 0
87 16 0 0 0 0 0 0 0 0
92 28 0 0 0 0 0 0 0 0
93 28 0 0 0 0 0 0 0 0
95 14 0 0 14 0 0 0 0 0
96 14 0 0 0 0 0 14 0 0
98 14 0 0 0 0 0 0 0 0
99 14 0 0 0 0 0 0 0 0
104 28 0 0 0 0 0 0 0 0
105 28 0 0 0 0 0 0 0 0
107 14 0 0 14 0 0 0 0 0
108 14 0 0 0 0 0 14 0 0
110 14 0 0 0 0 0 0 0 0
111 28 0 0 0 0 0 0 0 0
116 28 1 1 0 0 0 0 0 0
117 30 0 0 0 0 0 0 0 0
122 2 0 0 2 1 0 0 0 0
123 2 0 0 2 0 0 0 0 0
124 2 0 0 0 0 0 2 1 1
125 2 0 0 0 0 0 2 0 0
127 2 0 0 0 0 0 0 0 0
129 2 0 0 0 0 0 0 0 0
130 2 0 0 0 0 0 0 0 0
132 2 0 0 0 0 0 0 0 0
138 28 0 0 0 0 0 0 0 0
142 28 0 0 28 0 0 0 0 0
154 5 0 0 0 0 0 0 0 0
156 5 0 0 0 0 0 0 0 0
157 5 0 0 0 0 0 0 0 0
183 5 1 1 0 0 0 0 0 0
184 5 0 0 0 0 0 0 0 0
187 5 0 0 0 0 0 0 0 0
188 5 0 0 0 0 0 0 0 0
189 5 0 0 0 0 0 0 0 0
194 5 0 0 0 0 0 0 0 0
196 5 0 0 5 0 0 0 0 0
197 5 0 0 5 0 0 0 0 0
198 5 0 0 5 0 0 0 0 0
199 5 1 1 5 0 0 0 0 0
201 5 0 0 0 0 0 5 0 0
202 5 0 0 0 0 0 5 0 0
203 5 0 0 0 0 0 5 2 2
204 5 0 0 0 0 0 5 0 0
206 5 0 0 0 0 0 0 0 0
207 5 0 0 0 0 0 0 0 0
209 5 0 0 0 0 0 0 0 0
231 5 1 1 0 0 0 0 0 0
233 5 0 0 0 0 0 0 0 0
235 2 0 0 0 0 0 0 0 0
242 2 0 0 2 0 0 0 0 0
fl=/build/glibc-Cl5G7W/glibc-2.23/string/../sysdeps/x86_64/multiarch/../memcmp.S
fn=__GI_memcmp
24 49 1 1 0 0 0 0 0 0
25 49 0 0 0 0 0 0 0 0
26 49 0 0 0 0 0 0 0 0
27 49 1 1 0 0 0 0 0 0
28 49 0 0 0 0 0 0 0 0
29 49 0 0 0 0 0 0 0 0
30 49 0 0 0 0 0 0 0 0
31 49 0 0 0 0 0 0 0 0
34 49 0 0 0 0 0 0 0 0
35 49 0 0 0 0 0 0 0 0
36 48 0 0 48 0 0 0 0 0
37 48 0 0 48 0 0 0 0 0
38 48 0 0 0 0 0 0 0 0
39 48 0 0 0 0 0 0 0 0
40 48 0 0 0 0 0 0 0 0
41 48 0 0 0 0 0 0 0 0
42 48 0 0 0 0 0 0 0 0
44 11 0 0 0 0 0 0 0 0
45 11 1 1 0 0 0 0 0 0
46 1 0 0 1 0 0 0 0 0
47 1 0 0 1 0 0 0 0 0
48 1 0 0 0 0 0 0 0 0
49 1 0 0 0 0 0 0 0 0
50 1 0 0 0 0 0 0 0 0
51 1 0 0 0 0 0 0 0 0
52 1 0 0 0 0 0 0 0 0
54 11 0 0 0 0 0 0 0 0
55 11 0 0 0 0 0 0 0 0
56 11 0 0 11 0 0 0 0 0
57 11 0 0 11 0 0 0 0 0
58 11 0 0 0 0 0 0 0 0
59 11 0 0 0 0 0 0 0 0
94 38 0 0 38 0 0 0 0 0
98 11 1 1 0 0 0 0 0 0
99 11 0 0 0 0 0 0 0 0
100 1 0 0 0 0 0 0 0 0
101 1 0 0 0 0 0 0 0 0
102 1 0 0 0 0 0 0 0 0
103 1 0 0 0 0 0 0 0 0
104 1 0 0 0 0 0 0 0 0
105 1 0 0 0 0 0 0 0 0
106 1 0 0 0 0 0 0 0 0
107 1 0 0 0 0 0 0 0 0
108 1 0 0 0 0 0 0 0 0
109 1 0 0 0 0 0 0 0 0
110 1 0 0 1 0 0 0 0 0
114 10 0 0 0 0 0 0 0 0
115 10 0 0 10 0 0 0 0 0
fn=bcmp
24 25 1 1 0 0 0 0 0 0
25 25 0 0 0 0 0 0 0 0
26 25 0 0 0 0 0 0 0 0
27 25 0 0 0 0 0 0 0 0
28 25 0 0 0 0 0 0 0 0
29 25 0 0 0 0 0 0 0 0
30 25 0 0 0 0 0 0 0 0
31 25 1 1 0 0 0 0 0 0
34 25 0 0 0 0 0 0 0 0
35 25 0 0 0 0 0 0 0 0
36 8 0 0 8 1 1 0 0 0
37 8 0 0 8 3 3 0 0 0
38 8 0 0 0 0 0 0 0 0
39 8 0 0 0 0 0 0 0 0
40 8 0 0 0 0 0 0 0 0
41 8 0 0 0 0 0 0 0 0
42 8 0 0 0 0 0 0 0 0
44 24 0 0 0 0 0 0 0 0
45 24 0 0 0 0 0 0 0 0
46 7 0 0 7 0 0 0 0 0
47 7 0 0 7 0 0 0 0 0
48 7 0 0 0 0 0 0 0 0
49 7 0 0 0 0 0 0 0 0
50 7 0 0 0 0 0 0 0 0
51 7 0 0 0 0 0 0 0 0
52 7 0 0 0 0 0 0 0 0
54 24 1 1 0 0 0 0 0 0
55 24 0 0 0 0 0 0 0 0
56 8 0 0 8 1 1 0 0 0
57 8 0 0 8 1 1 0 0 0
58 8 0 0 0 0 0 0 0 0
59 8 0 0 0 0 0 0 0 0
60 2 0 0 0 0 0 0 0 0
61 2 0 0 0 0 0 0 0 0
62 2 0 0 0 0 0 0 0 0
64 18 0 0 0 0 0 0 0 0
65 18 0 0 0 0 0 0 0 0
66 10 0 0 10 0 0 0 0 0
67 10 0 0 10 2 2 0 0 0
68 10 0 0 0 0 0 0 0 0
69 10 0 0 0 0 0 0 0 0
74 8 0 0 8 4 4 0 0 0
75 8 0 0 8 0 0 0 0 0
76 8 0 0 0 0 0 0 0 0
77 8 0 0 0 0 0 0 0 0
78 8 0 0 0 0 0 0 0 0
79 8 0 0 0 0 0 0 0 0
80 8 0 0 0 0 0 0 0 0
81 5 0 0 0 0 0 0 0 0
82 5 0 0 0 0 0 0 0 0
83 5 0 0 5 0 0 0 0 0
84 5 0 0 5 0 0 0 0 0
85 5 0 0 0 0 0 0 0 0
92 5 0 0 0 0 0 0 0 0
94 6 0 0 6 0 0 0 0 0
98 16 1 1 0 0 0 0 0 0
99 16 0 0 0 0 0 0 0 0
100 3 0 0 0 0 0 0 0 0
101 3 0 0 0 0 0 0 0 0
102 3 0 0 0 0 0 0 0 0
103 3 0 0 0 0 0 0 0 0
104 3 0 0 0 0 0 0 0 0
105 3 0 0 0 0 0 0 0 0
106 3 0 0 0 0 0 0 0 0
107 3 0 0 0 0 0 0 0 0
108 3 0 0 0 0 0 0 0 0
109 3 0 0 0 0 0 0 0 0
110 3 0 0 3 0 0 0 0 0
114 16 1 1 0 0 0 0 0 0
115 16 0 0 16 0 0 0 0 0
fl=/build/glibc-Cl5G7W/glibc-2.23/string/../sysdeps/x86_64/multiarch/../memcpy.S
fn=memcpy
61 29 1 1 0 0 0 0 0 0
63 29 0 0 0 0 0 0 0 0
65 29 0 0 0 0 0 0 0 0
68 27 0 0 0 0 0 0 0 0
69 27 0 0 0 0 0 0 0 0
71 8 0 0 8 0 0 0 0 0
72 8 0 0 0 0 0 8 3 3
74 8 0 0 0 0 0 0 0 0
75 8 0 0 0 0 0 0 0 0
80 27 0 0 0 0 0 0 0 0
81 27 0 0 0 0 0 0 0 0
83 10 0 0 10 0 0 0 0 0
84 10 0 0 0 0 0 10 3 3
86 10 0 0 0 0 0 0 0 0
87 20 0 0 0 0 0 0 0 0
92 27 1 1 0 0 0 0 0 0
93 27 0 0 0 0 0 0 0 0
95 6 0 0 6 0 0 0 0 0
96 6 0 0 0 0 0 6 0 0
98 6 0 0 0 0 0 0 0 0
99 6 0 0 0 0 0 0 0 0
104 27 0 0 0 0 0 0 0 0
105 27 0 0 0 0 0 0 0 0
107 18 0 0 18 0 0 0 0 0
108 18 0 0 0 0 0 18 1 1
110 18 0 0 0 0 0 0 0 0
111 18 0 0 0 0 0 0 0 0
116 27 0 0 0 0 0 0 0 0
117 38 0 0 0 0 0 0 0 0
122 11 0 0 11 0 0 0 0 0
123 11 0 0 11 0 0 0 0 0
124 11 0 0 0 0 0 11 4 4
125 11 0 0 0 0 0 11 0 0
127 11 0 0 0 0 0 0 0 0
129 11 0 0 0 0 0 0 0 0
130 11 0 0 0 0 0 0 0 0
132 11 0 0 0 0 0 0 0 0
140 27 1 1 27 0 0 0 0 0
148 14 0 0 0 0 0 14 0 0
154 14 0 0 0 0 0 0 0 0
156 14 0 0 0 0 0 0 0 0
157 14 0 0 0 0 0 0 0 0
160 4 0 0 0 0 0 0 0 0
161 12 0 0 0 0 0 0 0 0
166 13 1 1 13 0 0 0 0 0
167 13 0 0 0 0 0 13 1 1
169 13 0 0 0 0 0 0 0 0
171 13 0 0 0 0 0 0 0 0
172 13 0 0 0 0 0 0 0 0
174 21 0 0 0 0 0 0 0 0
183 14 0 0 0 0 0 0 0 0
184 14 0 0 0 0 0 0 0 0
187 14 0 0 0 0 0 0 0 0
188 14 0 0 0 0 0 0 0 0
189 14 0 0 0 0 0 0 0 0
194 12 0 0 0 0 0 0 0 0
196 12 0 0 12 0 0 0 0 0
197 12 0 0 12 0 0 0 0 0
198 12 0 0 12 0 0 0 0 0
199 12 1 1 12 0 0 0 0 0
201 12 0 0 0 0 0 12 2 2
202 12 0 0 0 0 0 12 1 1
203 12 0 0 0 0 0 12 1 1
204 12 0 0 0 0 0 12 1 1
206 12 0 0 0 0 0 0 0 0
207 12 0 0 0 0 0 0 0 0
209 12 0 0 0 0 0 0 0 0
231 14 1 1 0 0 0 0 0 0
237 14 0 0 14 0 0 0 0 0
238 14 0 0 0 0 0 0 0 0
240 2 0 0 2 0 0 0 0 0
fl=/build/glibc-Cl5G7W/glibc-2.23/string/../sysdeps/x86_64/multiarch/../memset.S
fn=memset
53 17 1 1 0 0 0 0 0 0
54 17 0 0 0 0 0 0 0 0
55 17 0 0 0 0 0 0 0 0
56 17 0 0 0 0 0 0 0 0
57 17 0 0 0 0 0 0 0 0
59 17 0 0 0 0 0 0 0 0
60 17 0 0 0 0 0 0 0 0
61 13 0 0 0 0 0 0 0 0
62 13 0 0 0 0 0 0 0 0
63 1 0 0 0 0 0 0 0 0
64 1 0 0 0 0 0 1 1 1
65 1 0 0 0 0 0 1 0 0
66 1 0 0 0 0 0 0 0 0
68 1 0 0 1 0 0 0 0 0
77 4 1 1 0 0 0 0 0 0
78 4 0 0 0 0 0 4 4 4
79 4 0 0 0 0 0 0 0 0
80 4 0 0 0 0 0 4 3 3
81 4 0 0 0 0 0 4 0 0
82 4 0 0 0 0 0 4 0 0
83 4 0 0 0 0 0 4 2 2
84 4 0 0 0 0 0 4 0 0
85 4 0 0 0 0 0 4 0 0
86 4 0 0 0 0 0 4 1 1
87 4 0 0 0 0 0 0 0 0
88 4 0 0 0 0 0 0 0 0
89 4 0 0 0 0 0 0 0 0
90 8 0 0 0 0 0 0 0 0
93 64 0 0 0 0 0 64 57 57
94 64 0 0 0 0 0 64 0 0
95 64 0 0 0 0 0 64 0 0
96 64 0 0 0 0 0 64 0 0
97 64 0 0 0 0 0 0 0 0
98 64 0 0 0 0 0 0 0 0
99 64 0 0 0 0 0 0 0 0
100 4 0 0 4 0 0 0 0 0
103 12 1 1 0 0 0 0 0 0
104 12 0 0 0 0 0 0 0 0
105 12 0 0 0 0 0 0 0 0
106 3 0 0 0 0 0 0 0 0
107 3 0 0 0 0 0 0 0 0
108 1 0 0 0 0 0 0 0 0
109 1 0 0 0 0 0 0 0 0
112 1 0 0 0 0 0 0 0 0
113 1 0 0 0 0 0 0 0 0
114 1 0 0 0 0 0 1 0 0
115 1 0 0 1 0 0 0 0 0
117 2 0 0 0 0 0 2 0 0
118 2 0 0 0 0 0 2 0 0
119 2 0 0 2 0 0 0 0 0
121 9 0 0 0 0 0 9 3 3
122 9 0 0 0 0 0 9 0 0
123 9 0 0 9 0 0 0 0 0
fl=/build/glibc-Cl5G7W/glibc-2.23/string/../sysdeps/x86_64/multiarch/../strchr.S
fn=index
24 19 1 1 0 0 0 0 0 0
25 19 0 0 0 0 0 0 0 0
26 19 0 0 0 0 0 0 0 0
27 19 0 0 0 0 0 0 0 0
28 19 0 0 0 0 0 0 0 0
29 19 0 0 0 0 0 0 0 0
30 19 0 0 0 0 0 0 0 0
31 19 1 1 0 0 0 0 0 0
32 19 0 0 19 7 7 0 0 0
33 19 0 0 0 0 0 0 0 0
34 19 0 0 0 0 0 0 0 0
35 19 0 0 0 0 0 0 0 0
36 19 0 0 0 0 0 0 0 0
37 19 0 0 0 0 0 0 0 0
38 19 0 0 0 0 0 0 0 0
39 19 0 0 0 0 0 0 0 0
40 19 0 0 0 0 0 0 0 0
41 15 0 0 0 0 0 0 0 0
45 15 0 0 0 0 0 0 0 0
46 15 0 0 0 0 0 0 0 0
47 15 0 0 15 0 0 0 0 0
48 15 0 0 0 0 0 0 0 0
50 15 0 0 15 0 0 0 0 0
54 4 0 0 4 0 0 0 0 0
55 4 1 1 0 0 0 0 0 0
56 4 0 0 0 0 0 0 0 0
57 4 0 0 0 0 0 0 0 0
58 4 0 0 0 0 0 0 0 0
59 4 0 0 0 0 0 0 0 0
60 4 0 0 4 0 0 0 0 0
61 4 0 0 0 0 0 0 0 0
62 4 0 0 0 0 0 0 0 0
63 4 0 0 0 0 0 0 0 0
64 4 0 0 0 0 0 0 0 0
65 4 0 0 0 0 0 0 0 0
66 4 0 0 0 0 0 0 0 0
67 4 0 0 4 0 0 0 0 0
68 4 0 0 0 0 0 0 0 0
69 4 0 0 0 0 0 0 0 0
70 4 0 0 0 0 0 0 0 0
71 4 1 1 0 0 0 0 0 0
72 4 0 0 0 0 0 0 0 0
73 4 0 0 0 0 0 0 0 0
74 4 0 0 0 0 0 0 0 0
75 4 0 0 0 0 0 0 0 0
76 4 0 0 0 0 0 0 0 0
77 4 0 0 0 0 0 0 0 0
129 4 1 1 0 0 0 0 0 0
133 4 0 0 0 0 0 0 0 0
134 4 0 0 0 0 0 0 0 0
135 4 0 0 4 0 0 0 0 0
136 4 0 0 0 0 0 0 0 0
138 4 0 0 4 0 0 0 0 0
fl=/build/glibc-Cl5G7W/glibc-2.23/string/../sysdeps/x86_64/multiarch/../strcmp.S
fn=strcmp
144 2644 1 1 0 0 0 0 0 0
145 2644 0 0 0 0 0 0 0 0
147 2644 0 0 0 0 0 0 0 0
148 2644 0 0 0 0 0 0 0 0
169 2644 0 0 0 0 0 0 0 0
170 2644 0 0 0 0 0 0 0 0
171 2420 0 0 0 0 0 0 0 0
172 2420 0 0 0 0 0 0 0 0
173 2401 0 0 2401 59 19 0 0 0
174 2401 0 0 2401 34 5 0 0 0
175 2401 0 0 2401 0 0 0 0 0
176 2401 0 0 2401 0 0 0 0 0
197 2401 0 0 0 0 0 0 0 0
198 2401 0 0 0 0 0 0 0 0
199 2401 0 0 0 0 0 0 0 0
200 2401 0 0 0 0 0 0 0 0
201 2401 0 0 0 0 0 0 0 0
202 2401 0 0 0 0 0 0 0 0
203 2401 0 0 0 0 0 0 0 0
208 42 0 0 0 0 0 0 0 0
209 42 0 0 0 0 0 0 0 0
218 285 1 1 0 0 0 0 0 0
219 285 0 0 0 0 0 0 0 0
220 285 0 0 0 0 0 0 0 0
221 285 0 0 0 0 0 0 0 0
222 285 0 0 0 0 0 0 0 0
223 285 0 0 0 0 0 0 0 0
224 285 0 0 0 0 0 0 0 0
225 285 0 0 0 0 0 0 0 0
226 154 0 0 0 0 0 0 0 0
227 85 0 0 0 0 0 0 0 0
228 85 0 0 0 0 0 0 0 0
229 85 0 0 0 0 0 0 0 0
231 154 0 0 0 0 0 0 0 0
232 154 0 0 0 0 0 0 0 0
233 154 1 1 0 0 0 0 0 0
234 154 0 0 154 9 2 0 0 0
235 154 0 0 0 0 0 0 0 0
236 154 0 0 0 0 0 0 0 0
246 131 0 0 131 9 2 0 0 0
247 131 0 0 0 0 0 0 0 0
248 131 0 0 0 0 0 0 0 0
250 131 0 0 131 0 0 0 0 0
256 131 0 0 0 0 0 0 0 0
257 131 0 0 0 0 0 0 0 0
258 131 0 0 0 0 0 0 0 0
259 131 0 0 0 0 0 0 0 0
260 131 0 0 0 0 0 0 0 0
265 131 0 0 0 0 0 0 0 0
267 110 0 0 0 0 0 0 0 0
268 110 1 1 0 0 0 0 0 0
269 220 0 0 0 0 0 0 0 0
277 129 0 0 129 9 1 0 0 0
278 129 0 0 129 0 0 0 0 0
281 129 0 0 0 0 0 0 0 0
282 129 0 0 0 0 0 0 0 0
283 129 0 0 0 0 0 0 0 0
284 129 0 0 0 0 0 0 0 0
285 129 0 0 0 0 0 0 0 0
286 129 0 0 0 0 0 0 0 0
292 27 0 0 0 0 0 0 0 0
293 27 0 0 27 0 0 0 0 0
294 27 1 1 27 0 0 0 0 0
297 27 0 0 0 0 0 0 0 0
298 27 0 0 0 0 0 0 0 0
299 27 0 0 0 0 0 0 0 0
300 27 0 0 0 0 0 0 0 0
301 27 0 0 0 0 0 0 0 0
302 27 0 0 0 0 0 0 0 0
307 19 0 0 0 0 0 0 0 0
308 19 0 0 0 0 0 0 0 0
447 1 1 1 0 0 0 0 0 0
448 1 0 0 1 0 0 0 0 0
449 1 0 0 1 1 1 0 0 0
450 1 0 0 0 0 0 0 0 0
451 1 1 1 0 0 0 0 0 0
453 1 0 0 0 0 0 0 0 0
454 1 0 0 0 0 0 0 0 0
455 1 0 0 0 0 0 0 0 0
456 1 0 0 0 0 0 0 0 0
457 1 0 0 0 0 0 0 0 0
458 1 0 0 0 0 0 0 0 0
459 1 0 0 0 0 0 0 0 0
460 1 0 0 1 0 0 0 0 0
463 1 0 0 0 0 0 0 0 0
464 1 0 0 0 0 0 0 0 0
465 1 0 0 0 0 0 0 0 0
471 1 0 0 0 0 0 0 0 0
472 1 0 0 0 0 0 0 0 0
473 2 1 1 0 0 0 0 0 0
477 1 0 0 0 0 0 0 0 0
478 1 0 0 0 0 0 0 0 0
481 1 0 0 1 1 1 0 0 0
482 1 0 0 1 0 0 0 0 0
483 1 0 0 0 0 0 0 0 0
486 1 0 0 0 0 0 0 0 0
487 1 0 0 0 0 0 0 0 0
488 1 0 0 0 0 0 0 0 0
494 1 0 0 0 0 0 0 0 0
495 1 0 0 0 0 0 0 0 0
496 1 1 1 0 0 0 0 0 0
497 1 0 0 0 0 0 0 0 0
498 1 0 0 0 0 0 0 0 0
499 1 0 0 0 0 0 0 0 0
571 1 1 1 0 0 0 0 0 0
572 1 0 0 1 0 0 0 0 0
573 1 0 0 1 0 0 0 0 0
574 1 0 0 0 0 0 0 0 0
575 1 1 1 0 0 0 0 0 0
577 1 0 0 0 0 0 0 0 0
578 1 0 0 0 0 0 0 0 0
579 1 0 0 0 0 0 0 0 0
580 1 0 0 0 0 0 0 0 0
581 1 0 0 0 0 0 0 0 0
582 1 0 0 0 0 0 0 0 0
583 1 0 0 0 0 0 0 0 0
584 1 0 0 1 0 0 0 0 0
588 1 0 0 0 0 0 0 0 0
589 1 0 0 0 0 0 0 0 0
590 1 0 0 0 0 0 0 0 0
596 1 0 0 0 0 0 0 0 0
597 1 0 0 0 0 0 0 0 0
598 2 1 1 0 0 0 0 0 0
602 1 0 0 0 0 0 0 0 0
603 1 0 0 0 0 0 0 0 0
606 1 0 0 1 0 0 0 0 0
607 1 0 0 1 0 0 0 0 0
608 1 0 0 0 0 0 0 0 0
611 1 0 0 0 0 0 0 0 0
612 1 0 0 0 0 0 0 0 0
613 1 0 0 0 0 0 0 0 0
619 1 0 0 0 0 0 0 0 0
620 1 0 0 0 0 0 0 0 0
621 1 1 1 0 0 0 0 0 0
622 1 0 0 0 0 0 0 0 0
623 1 0 0 0 0 0 0 0 0
624 1 0 0 0 0 0 0 0 0
696 3 1 1 0 0 0 0 0 0
697 3 0 0 3 0 0 0 0 0
698 3 0 0 3 1 0 0 0 0
699 3 0 0 0 0 0 0 0 0
700 3 1 1 0 0 0 0 0 0
702 3 0 0 0 0 0 0 0 0
703 3 0 0 0 0 0 0 0 0
704 3 0 0 0 0 0 0 0 0
705 3 0 0 0 0 0 0 0 0
706 3 0 0 0 0 0 0 0 0
707 3 0 0 0 0 0 0 0 0
708 3 0 0 0 0 0 0 0 0
709 2 0 0 2 0 0 0 0 0
713 2 0 0 0 0 0 0 0 0
714 2 0 0 0 0 0 0 0 0
715 2 0 0 0 0 0 0 0 0
721 2 0 0 0 0 0 0 0 0
722 2 0 0 0 0 0 0 0 0
723 4 1 1 0 0 0 0 0 0
727 2 0 0 0 0 0 0 0 0
728 2 0 0 0 0 0 0 0 0
731 2 0 0 2 0 0 0 0 0
732 2 0 0 2 2 2 0 0 0
733 2 0 0 0 0 0 0 0 0
736 2 0 0 0 0 0 0 0 0
737 2 0 0 0 0 0 0 0 0
738 2 0 0 0 0 0 0 0 0
744 2 0 0 0 0 0 0 0 0
745 2 0 0 0 0 0 0 0 0
746 2 1 1 0 0 0 0 0 0
747 2 0 0 0 0 0 0 0 0
748 2 0 0 0 0 0 0 0 0
749 2 0 0 0 0 0 0 0 0
821 3 1 1 0 0 0 0 0 0
822 3 0 0 3 0 0 0 0 0
823 3 0 0 3 1 0 0 0 0
824 3 0 0 0 0 0 0 0 0
825 3 1 1 0 0 0 0 0 0
827 3 0 0 0 0 0 0 0 0
828 3 0 0 0 0 0 0 0 0
829 3 0 0 0 0 0 0 0 0
830 3 0 0 0 0 0 0 0 0
831 3 0 0 0 0 0 0 0 0
832 3 0 0 0 0 0 0 0 0
833 3 0 0 0 0 0 0 0 0
834 3 0 0 3 0 0 0 0 0
838 3 0 0 0 0 0 0 0 0
839 3 0 0 0 0 0 0 0 0
840 3 0 0 0 0 0 0 0 0
846 3 0 0 0 0 0 0 0 0
847 3 0 0 0 0 0 0 0 0
848 6 1 1 0 0 0 0 0 0
852 3 0 0 0 0 0 0 0 0
853 3 0 0 0 0 0 0 0 0
856 3 0 0 3 1 0 0 0 0
857 3 0 0 3 2 2 0 0 0
858 3 0 0 0 0 0 0 0 0
861 3 0 0 0 0 0 0 0 0
862 3 0 0 0 0 0 0 0 0
863 3 0 0 0 0 0 0 0 0
869 3 0 0 0 0 0 0 0 0
870 3 0 0 0 0 0 0 0 0
871 3 1 1 0 0 0 0 0 0
872 3 0 0 0 0 0 0 0 0
873 3 0 0 0 0 0 0 0 0
874 3 0 0 0 0 0 0 0 0
1196 4 1 1 0 0 0 0 0 0
1197 4 0 0 4 0 0 0 0 0
1198 4 0 0 4 0 0 0 0 0
1199 4 0 0 0 0 0 0 0 0
1200 4 1 1 0 0 0 0 0 0
1202 4 0 0 0 0 0 0 0 0
1203 4 0 0 0 0 0 0 0 0
1204 4 0 0 0 0 0 0 0 0
1205 4 0 0 0 0 0 0 0 0
1206 4 0 0 0 0 0 0 0 0
1207 4 0 0 0 0 0 0 0 0
1208 4 0 0 0 0 0 0 0 0
1321 28 2 1 0 0 0 0 0 0
1322 28 0 0 28 3 0 0 0 0
1323 28 0 0 28 2 0 0 0 0
1324 28 0 0 0 0 0 0 0 0
1325 28 1 1 0 0 0 0 0 0
1327 28 0 0 0 0 0 0 0 0
1328 28 0 0 0 0 0 0 0 0
1329 28 0 0 0 0 0 0 0 0
1330 28 0 0 0 0 0 0 0 0
1331 28 0 0 0 0 0 0 0 0
1332 28 0 0 0 0 0 0 0 0
1333 28 0 0 0 0 0 0 0 0
1334 2 0 0 2 0 0 0 0 0
1338 2 0 0 0 0 0 0 0 0
1339 2 0 0 0 0 0 0 0 0
1340 2 0 0 0 0 0 0 0 0
1346 2 0 0 0 0 0 0 0 0
1347 2 0 0 0 0 0 0 0 0
1348 4 1 1 0 0 0 0 0 0
1352 2 0 0 0 0 0 0 0 0
1353 2 0 0 0 0 0 0 0 0
1356 2 0 0 2 0 0 0 0 0
1357 2 0 0 2 1 1 0 0 0
1358 2 0 0 0 0 0 0 0 0
1361 2 0 0 0 0 0 0 0 0
1362 2 0 0 0 0 0 0 0 0
1363 2 0 0 0 0 0 0 0 0
1369 2 0 0 0 0 0 0 0 0
1370 2 0 0 0 0 0 0 0 0
1371 2 1 1 0 0 0 0 0 0
1372 2 0 0 0 0 0 0 0 0
1373 2 0 0 0 0 0 0 0 0
1374 2 0 0 0 0 0 0 0 0
1446 26 1 1 0 0 0 0 0 0
1447 26 0 0 26 0 0 0 0 0
1448 26 0 0 26 0 0 0 0 0
1449 26 0 0 0 0 0 0 0 0
1450 26 1 1 0 0 0 0 0 0
1452 26 0 0 0 0 0 0 0 0
1453 26 0 0 0 0 0 0 0 0
1454 26 0 0 0 0 0 0 0 0
1455 26 0 0 0 0 0 0 0 0
1456 26 0 0 0 0 0 0 0 0
1457 26 0 0 0 0 0 0 0 0
1458 26 0 0 0 0 0 0 0 0
1459 2 0 0 2 0 0 0 0 0
1463 2 0 0 0 0 0 0 0 0
1464 2 0 0 0 0 0 0 0 0
1465 2 0 0 0 0 0 0 0 0
1471 2 0 0 0 0 0 0 0 0
1472 2 0 0 0 0 0 0 0 0
1473 4 1 1 0 0 0 0 0 0
1477 2 0 0 0 0 0 0 0 0
1478 2 0 0 0 0 0 0 0 0
1481 2 0 0 2 0 0 0 0 0
1482 2 0 0 2 0 0 0 0 0
1483 2 0 0 0 0 0 0 0 0
1486 2 0 0 0 0 0 0 0 0
1487 2 0 0 0 0 0 0 0 0
1488 2 0 0 0 0 0 0 0 0
1494 2 0 0 0 0 0 0 0 0
1495 2 0 0 0 0 0 0 0 0
1496 2 1 1 0 0 0 0 0 0
1497 2 0 0 0 0 0 0 0 0
1498 2 0 0 0 0 0 0 0 0
1499 2 0 0 0 0 0 0 0 0
1506 2 0 0 0 0 0 0 0 0
1507 2 0 0 0 0 0 0 0 0
1509 2 0 0 0 0 0 0 0 0
1510 2 0 0 0 0 0 0 0 0
1512 2 0 0 2 1 1 0 0 0
1513 2 0 0 2 0 0 0 0 0
1514 2 0 0 0 0 0 0 0 0
1517 2 0 0 0 0 0 0 0 0
1518 2 0 0 0 0 0 0 0 0
1519 2 0 0 0 0 0 0 0 0
1525 2 0 0 0 0 0 0 0 0
1526 2 1 1 0 0 0 0 0 0
1527 2 0 0 0 0 0 0 0 0
1528 2 0 0 0 0 0 0 0 0
1529 2 0 0 0 0 0 0 0 0
1530 2 0 0 0 0 0 0 0 0
1571 1 1 1 0 0 0 0 0 0
1572 1 0 0 1 1 0 0 0 0
1573 1 0 0 1 0 0 0 0 0
1574 1 0 0 0 0 0 0 0 0
1575 1 1 1 0 0 0 0 0 0
1577 1 0 0 0 0 0 0 0 0
1578 1 0 0 0 0 0 0 0 0
1579 1 0 0 0 0 0 0 0 0
1580 1 0 0 0 0 0 0 0 0
1581 1 0 0 0 0 0 0 0 0
1582 1 0 0 0 0 0 0 0 0
1583 1 0 0 0 0 0 0 0 0
1696 44 1 1 0 0 0 0 0 0
1697 44 0 0 44 3 0 0 0 0
1698 44 0 0 44 6 2 0 0 0
1699 44 0 0 0 0 0 0 0 0
1700 44 1 1 0 0 0 0 0 0
1702 44 0 0 0 0 0 0 0 0
1703 44 0 0 0 0 0 0 0 0
1704 44 0 0 0 0 0 0 0 0
1705 44 0 0 0 0 0 0 0 0
1706 44 0 0 0 0 0 0 0 0
1707 44 0 0 0 0 0 0 0 0
1708 44 0 0 0 0 0 0 0 0
1709 1 0 0 1 0 0 0 0 0
1713 1 0 0 0 0 0 0 0 0
1714 1 0 0 0 0 0 0 0 0
1715 1 0 0 0 0 0 0 0 0
1721 1 0 0 0 0 0 0 0 0
1722 1 0 0 0 0 0 0 0 0
1723 2 1 1 0 0 0 0 0 0
1727 1 0 0 0 0 0 0 0 0
1728 1 0 0 0 0 0 0 0 0
1731 1 0 0 1 0 0 0 0 0
1732 1 0 0 1 0 0 0 0 0
1733 1 0 0 0 0 0 0 0 0
1736 1 0 0 0 0 0 0 0 0
1737 1 0 0 0 0 0 0 0 0
1738 1 0 0 0 0 0 0 0 0
1744 1 0 0 0 0 0 0 0 0
1745 1 0 0 0 0 0 0 0 0
1746 1 1 1 0 0 0 0 0 0
1747 1 0 0 0 0 0 0 0 0
1748 1 0 0 0 0 0 0 0 0
1749 1 0 0 0 0 0 0 0 0
1821 20 2 1 0 0 0 0 0 0
1822 20 0 0 20 2 1 0 0 0
1823 20 0 0 20 1 0 0 0 0
1824 20 0 0 0 0 0 0 0 0
1825 20 2 1 0 0 0 0 0 0
1827 20 0 0 0 0 0 0 0 0
1828 20 0 0 0 0 0 0 0 0
1829 20 0 0 0 0 0 0 0 0
1830 20 0 0 0 0 0 0 0 0
1831 20 0 0 0 0 0 0 0 0
1832 20 0 0 0 0 0 0 0 0
1833 20 0 0 0 0 0 0 0 0
1834 4 0 0 4 0 0 0 0 0
1838 4 0 0 0 0 0 0 0 0
1839 4 0 0 0 0 0 0 0 0
1840 4 0 0 0 0 0 0 0 0
1846 4 0 0 0 0 0 0 0 0
1847 4 0 0 0 0 0 0 0 0
1848 8 1 1 0 0 0 0 0 0
1852 4 0 0 0 0 0 0 0 0
1853 4 0 0 0 0 0 0 0 0
1856 4 0 0 4 0 0 0 0 0
1857 4 0 0 4 1 1 0 0 0
1858 4 0 0 0 0 0 0 0 0
1861 4 0 0 0 0 0 0 0 0
1862 4 0 0 0 0 0 0 0 0
1863 4 0 0 0 0 0 0 0 0
1869 4 0 0 0 0 0 0 0 0
1870 4 0 0 0 0 0 0 0 0
1871 4 1 1 0 0 0 0 0 0
1872 4 0 0 0 0 0 0 0 0
1873 4 0 0 0 0 0 0 0 0
1874 4 0 0 0 0 0 0 0 0
1946 14 1 1 0 0 0 0 0 0
1947 14 0 0 14 1 1 0 0 0
1948 14 0 0 14 0 0 0 0 0
1949 14 0 0 0 0 0 0 0 0
1950 14 1 1 0 0 0 0 0 0
1952 14 0 0 0 0 0 0 0 0
1953 14 0 0 0 0 0 0 0 0
1954 14 0 0 0 0 0 0 0 0
1955 14 0 0 0 0 0 0 0 0
1956 14 0 0 0 0 0 0 0 0
1957 14 0 0 0 0 0 0 0 0
1958 14 0 0 0 0 0 0 0 0
1959 6 0 0 6 0 0 0 0 0
1963 6 0 0 0 0 0 0 0 0
1964 6 0 0 0 0 0 0 0 0
1965 6 0 0 0 0 0 0 0 0
1971 6 0 0 0 0 0 0 0 0
1972 6 0 0 0 0 0 0 0 0
1973 12 1 1 0 0 0 0 0 0
1977 6 0 0 0 0 0 0 0 0
1978 6 0 0 0 0 0 0 0 0
1981 6 0 0 6 0 0 0 0 0
1982 6 0 0 6 2 2 0 0 0
1983 6 0 0 0 0 0 0 0 0
1986 6 0 0 0 0 0 0 0 0
1987 6 0 0 0 0 0 0 0 0
1988 6 0 0 0 0 0 0 0 0
1994 6 0 0 0 0 0 0 0 0
1995 6 0 0 0 0 0 0 0 0
1996 6 1 1 0 0 0 0 0 0
1997 6 0 0 0 0 0 0 0 0
1998 6 0 0 0 0 0 0 0 0
1999 6 0 0 0 0 0 0 0 0
2071 9 1 1 0 0 0 0 0 0
2072 9 0 0 9 1 0 0 0 0
2073 9 0 0 9 1 1 0 0 0
2074 9 0 0 0 0 0 0 0 0
2075 9 1 1 0 0 0 0 0 0
2077 9 0 0 0 0 0 0 0 0
2078 9 0 0 0 0 0 0 0 0
2079 9 0 0 0 0 0 0 0 0
2080 9 0 0 0 0 0 0 0 0
2081 9 0 0 0 0 0 0 0 0
2082 9 0 0 0 0 0 0 0 0
2083 9 0 0 0 0 0 0 0 0
2085 1 0 0 1 0 0 0 0 0
2089 1 0 0 0 0 0 0 0 0
2090 1 0 0 0 0 0 0 0 0
2091 1 0 0 0 0 0 0 0 0
2097 1 0 0 0 0 0 0 0 0
2098 1 0 0 0 0 0 0 0 0
2100 2 1 1 0 0 0 0 0 0
2104 1 0 0 0 0 0 0 0 0
2105 1 0 0 0 0 0 0 0 0
2108 1 0 0 1 1 1 0 0 0
2109 1 0 0 1 0 0 0 0 0
2110 1 0 0 0 0 0 0 0 0
2113 1 0 0 0 0 0 0 0 0
2114 1 0 0 0 0 0 0 0 0
2115 1 0 0 0 0 0 0 0 0
2121 1 0 0 0 0 0 0 0 0
2122 1 0 0 0 0 0 0 0 0
2123 1 1 1 0 0 0 0 0 0
2124 1 0 0 0 0 0 0 0 0
2125 1 0 0 0 0 0 0 0 0
2126 1 0 0 0 0 0 0 0 0
2200 133 0 0 0 0 0 0 0 0
2202 285 1 1 0 0 0 0 0 0
2203 285 0 0 0 0 0 0 0 0
2204 285 0 0 0 0 0 0 0 0
2205 285 1 1 0 0 0 0 0 0
2206 255 0 0 0 0 0 0 0 0
2211 2644 0 0 0 0 0 0 0 0
2217 2644 0 0 2644 0 0 0 0 0
2218 2644 0 0 2644 0 0 0 0 0
2226 2644 0 0 0 0 0 0 0 0
2227 2644 0 0 2644 0 0 0 0 0
fl=/build/glibc-Cl5G7W/glibc-2.23/string/../sysdeps/x86_64/multiarch/strcmp-sse2-unaligned.S
fn=__strcmp_sse2_unaligned
24 8 1 1 0 0 0 0 0 0
25 8 0 0 0 0 0 0 0 0
26 8 0 0 0 0 0 0 0 0
27 8 0 0 0 0 0 0 0 0
28 8 0 0 0 0 0 0 0 0
29 8 1 1 0 0 0 0 0 0
30 8 0 0 0 0 0 0 0 0
31 8 0 0 8 1 1 0 0 0
32 8 0 0 8 1 0 0 0 0
33 8 0 0 0 0 0 0 0 0
34 8 0 0 0 0 0 0 0 0
35 8 0 0 0 0 0 0 0 0
36 8 0 0 0 0 0 0 0 0
37 8 0 0 0 0 0 0 0 0
38 8 0 0 0 0 0 0 0 0
39 8 0 0 0 0 0 0 0 0
41 8 0 0 0 0 0 0 0 0
42 8 0 0 8 0 0 0 0 0
43 8 0 0 8 0 0 0 0 0
44 8 0 0 0 0 0 0 0 0
45 8 0 0 8 0 0 0 0 0
fl=/build/glibc-Cl5G7W/glibc-2.23/string/../sysdeps/x86_64/multiarch/strcmp.S
fn=strcasecmp
109 1 1 1 1 1 0 0 0 0
110 1 0 0 0 0 0 0 0 0
111 1 0 0 1 1 0 0 0 0
112 1 0 0 0 0 0 0 0 0
122 1 1 1 1 0 0 0 0 0
fn=strcmp
87 1 1 1 1 1 0 0 0 0
89 1 0 0 0 0 0 0 0 0
90 1 0 0 1 1 0 0 0 0
91 1 0 0 0 0 0 0 0 0
103 1 1 1 1 0 0 0 0 0
fn=strncasecmp
129 1 1 1 1 0 0 0 0 0
130 1 0 0 0 0 0 0 0 0
131 1 1 1 1 0 0 0 0 0
132 1 0 0 0 0 0 0 0 0
142 1 1 1 1 0 0 0 0 0
fl=/build/glibc-Cl5G7W/glibc-2.23/string/../sysdeps/x86_64/multiarch/strcspn.S
fn=strcspn
45 1 1 1 1 0 0 0 0 0
46 1 0 0 0 0 0 0 0 0
47 1 0 0 1 1 0 0 0 0
48 1 0 0 0 0 0 0 0 0
49 1 0 0 0 0 0 0 0 0
50 1 0 0 1 0 0 0 0 0
fn=strpbrk
45 1 1 1 1 0 0 0 0 0
46 1 0 0 0 0 0 0 0 0
47 1 1 1 1 0 0 0 0 0
48 1 0 0 0 0 0 0 0 0
49 1 0 0 0 0 0 0 0 0
50 1 0 0 1 0 0 0 0 0
fl=/build/glibc-Cl5G7W/glibc-2.23/string/../sysdeps/x86_64/multiarch/strspn.S
fn=strspn
30 1 1 1 1 0 0 0 0 0
31 1 0 0 0 0 0 0 0 0
32 1 0 0 1 0 0 0 0 0
33 1 0 0 0 0 0 0 0 0
34 1 0 0 0 0 0 0 0 0
35 1 0 0 1 0 0 0 0 0
fl=/build/glibc-Cl5G7W/glibc-2.23/string/../sysdeps/x86_64/strlen.S
fn=strlen
66 96 2 2 0 0 0 0 0 0
67 96 0 0 0 0 0 0 0 0
68 96 0 0 0 0 0 0 0 0
69 96 0 0 0 0 0 0 0 0
70 96 0 0 0 0 0 0 0 0
71 96 0 0 0 0 0 0 0 0
72 96 0 0 0 0 0 0 0 0
74 96 1 1 0 0 0 0 0 0
76 96 0 0 0 0 0 0 0 0
106 95 0 0 95 6 6 0 0 0
107 95 0 0 0 0 0 0 0 0
108 95 1 1 0 0 0 0 0 0
109 95 0 0 0 0 0 0 0 0
110 95 0 0 0 0 0 0 0 0
111 80 0 0 0 0 0 0 0 0
112 80 0 0 80 0 0 0 0 0
116 15 0 0 0 0 0 0 0 0
117 15 0 0 15 0 0 0 0 0
118 15 0 0 15 0 0 0 0 0
119 15 0 0 15 1 1 0 0 0
120 15 0 0 0 0 0 0 0 0
121 15 0 0 0 0 0 0 0 0
122 15 0 0 0 0 0 0 0 0
123 15 0 0 0 0 0 0 0 0
124 15 0 0 0 0 0 0 0 0
125 15 0 0 0 0 0 0 0 0
126 15 0 0 0 0 0 0 0 0
127 15 0 0 0 0 0 0 0 0
132 120 0 0 15 0 0 0 0 0
136 1 1 1 0 0 0 0 0 0
137 14 1 1 4 0 0 0 0 0
138 8 0 0 1 0 0 0 0 0
fl=/build/glibc-Cl5G7W/glibc-2.23/string/../sysdeps/x86_64/strrchr.S
fn=rindex
24 1 1 1 0 0 0 0 0 0
25 1 0 0 0 0 0 0 0 0
26 1 0 0 0 0 0 0 0 0
27 1 0 0 0 0 0 0 0 0
28 1 0 0 0 0 0 0 0 0
29 1 0 0 0 0 0 0 0 0
30 1 0 0 0 0 0 0 0 0
31 1 0 0 0 0 0 0 0 0
32 1 0 0 1 1 0 0 0 0
33 1 0 0 0 0 0 0 0 0
34 1 0 0 0 0 0 0 0 0
35 1 0 0 0 0 0 0 0 0
36 1 0 0 0 0 0 0 0 0
37 1 0 0 0 0 0 0 0 0
38 1 1 1 0 0 0 0 0 0
39 1 0 0 0 0 0 0 0 0
40 1 0 0 0 0 0 0 0 0
51 1 0 0 1 1 0 0 0 0
52 1 0 0 0 0 0 0 0 0
53 1 0 0 1 0 0 0 0 0
54 1 0 0 0 0 0 0 0 0
55 1 0 0 0 0 0 0 0 0
56 1 0 0 1 0 0 0 0 0
57 1 0 0 0 0 0 0 0 0
58 1 1 1 0 0 0 0 0 0
59 1 0 0 0 0 0 0 0 0
60 1 0 0 0 0 0 0 0 0
61 1 0 0 0 0 0 0 0 0
62 1 0 0 0 0 0 0 0 0
63 1 0 0 0 0 0 0 0 0
64 1 0 0 0 0 0 0 0 0
65 1 0 0 0 0 0 0 0 0
66 1 0 0 0 0 0 0 0 0
67 1 0 0 0 0 0 0 0 0
68 1 0 0 0 0 0 0 0 0
69 1 0 0 0 0 0 0 0 0
70 1 0 0 0 0 0 0 0 0
71 1 0 0 0 0 0 0 0 0
72 1 0 0 0 0 0 0 0 0
73 1 0 0 0 0 0 0 0 0
74 1 1 1 0 0 0 0 0 0
75 1 0 0 0 0 0 0 0 0
76 1 0 0 0 0 0 0 0 0
77 1 0 0 0 0 0 0 0 0
78 1 0 0 0 0 0 0 0 0
79 1 0 0 0 0 0 0 0 0
80 1 0 0 0 0 0 0 0 0
81 1 0 0 0 0 0 0 0 0
82 1 0 0 0 0 0 0 0 0
83 1 0 0 0 0 0 0 0 0
84 1 0 0 0 0 0 0 0 0
85 1 0 0 0 0 0 0 0 0
86 1 0 0 0 0 0 0 0 0
87 1 0 0 1 0 0 0 0 0
fl=/build/glibc-Cl5G7W/glibc-2.23/string/strdup.c
fn=strdup
40 24 1 1 0 0 0 12 0 0
41 12 0 0 0 0 0 6 0 0
42 12 0 0 0 0 0 6 0 0
44 12 0 0 0 0 0 0 0 0
47 24 0 0 0 0 0 0 0 0
48 18 0 0 12 0 0 0 0 0
fl=/build/glibc-Cl5G7W/glibc-2.23/string/wordcopy.c
fn=_wordcopy_fwd_aligned
38 12 1 1 2 0 0 0 0 0
41 2 1 1 2 0 0 0 0 0
44 6 0 0 0 0 0 0 0 0
45 2 0 0 0 0 0 0 0 0
118 2 1 1 2 0 0 0 0 0
119 2 0 0 0 0 0 2 0 0
122 2 0 0 0 0 0 0 0 0
125 4 0 0 0 0 0 0 0 0
130 4 1 1 2 0 0 2 0 0
fl=/build/glibc-Cl5G7W/glibc-2.23/time/../sysdeps/generic/dl-hash.h
fn=gettimeofday
45 12 0 0 4 0 0 0 0 0
48 12 0 0 0 0 0 0 0 0
62 16 0 0 0 0 0 0 0 0
fn=time
45 12 0 0 4 1 1 0 0 0
48 12 0 0 0 0 0 0 0 0
62 16 1 1 0 0 0 0 0 0
fl=/build/glibc-Cl5G7W/glibc-2.23/time/../sysdeps/unix/sysv/linux/x86/gettimeofday.c
fn=gettimeofday
36 1 0 0 0 0 0 0 0 0
37 11 2 2 0 0 0 4 0 0
40 3 1 1 0 0 0 1 0 0
41 3 0 0 0 0 0 0 0 0
42 2 0 0 1 0 0 0 0 0
fl=/build/glibc-Cl5G7W/glibc-2.23/time/../sysdeps/unix/sysv/linux/x86/time.c
fn=time
37 1 0 0 0 0 0 0 0 0
38 11 1 1 0 0 0 4 0 0
41 3 0 0 0 0 0 1 0 0
42 3 1 1 0 0 0 0 0 0
43 2 0 0 1 0 0 0 0 0
fl=/build/glibc-Cl5G7W/glibc-2.23/wcsmbs/./wcsmbsload.h
fn=btowc
71 384 0 0 128 1 0 0 0 0
73 384 1 1 0 0 0 0 0 0
74 128 0 0 0 0 0 0 0 0
fl=/build/glibc-Cl5G7W/glibc-2.23/wcsmbs/btowc.c
fn=btowc
33 640 0 0 0 0 0 384 0 0
38 1280 1 1 0 0 0 0 0 0
43 768 0 0 0 0 0 0 0 0
47 384 1 1 384 1 0 0 0 0
48 256 0 0 256 1 0 0 0 0
51 512 0 0 128 1 0 0 0 0
55 256 0 0 128 1 0 0 0 0
58 640 0 0 128 0 0 256 0 0
99 768 1 1 640 0 0 0 0 0
fl=/build/glibc-Cl5G7W/glibc-2.23/wcsmbs/wctob.c
fn=wctob
40 256 1 1 0 0 0 0 0 0
45 256 0 0 0 0 0 0 0 0
46 256 0 0 128 0 0 0 0 0
fl=/build/glibc-Cl5G7W/glibc-2.23/wctype/wctype_l.c
fn=wctype_l
27 90 1 1 0 0 0 60 0 0
30 20 1 1 0 0 0 10 0 0
33 30 0 0 20 1 0 0 0 0
34 58 0 0 0 0 0 0 0 0
36 174 0 0 0 0 0 58 0 0
38 410 0 0 0 0 0 49 0 0
41 48 0 0 0 0 0 0 0 0
42 96 0 0 48 0 0 0 0 0
47 20 1 1 20 3 0 0 0 0
48 80 0 0 70 0 0 0 0 0
fl=/home/estudiante/Escritorio/ProfilingClase03/testCacheGrind02.c
fn=_GLOBAL__sub_I__Z7isPrimei
38 7 1 1 2 0 0 2 0 0
fn=__static_initialization_and_destruction_0(int, int)
38 12 1 1 4 0 0 3 0 0
fn=isPrime(int)
5 4 2 1 0 0 0 2 0 0
6 5 0 0 1 0 0 2 0 0
8 4 0 0 2 0 0 1 0 0
16 1 0 0 0 0 0 0 0 0
17 2 0 0 2 0 0 0 0 0
fn=main
21 3 1 1 0 0 0 1 0 0
22 1 0 0 0 0 0 1 0 0
24 3 0 0 0 0 0 2 0 0
25 3 0 0 0 0 0 2 0 0
27 3 0 0 1 0 0 1 0 0
29 5 1 1 1 0 0 1 0 0
31 1 0 0 1 0 0 0 0 0
32 7 0 0 2 0 0 1 0 0
33 0 0 0 0 0 0 0 0 0
fl=/usr/include/c++/6/cmath
fn=__gnu_cxx::__enable_if<std::__is_integer<int>::__value, double>::__type std::sqrt<int>(int)
498 4 0 0 0 0 0 2 0 0
499 8 1 0 4 0 0 2 0 0
fl=/usr/include/c++/6/iostream
fn=__static_initialization_and_destruction_0(int, int)
74 6 1 0 0 0 0 2 0 0
fl=???
fn=???
0 2193 157 151 1326 124 8 423 22 13
fn=__atan2_finite
0 8 2 2 3 0 0 0 0 0
fn=__cpu_indicator_init
0 63 6 6 6 2 1 5 0 0
fn=__cxa_guard_acquire
0 30 3 3 12 1 0 6 0 0
fn=__cxa_guard_release
0 14 3 3 5 0 0 3 0 0
fn=__cxxabiv1::__si_class_type_info::__do_dyncast(long, __cxxabiv1::__class_type_info::__sub_kind, __cxxabiv1::__class_type_info const*, void const*, __cxxabiv1::__class_type_info const*, void const*, __cxxabiv1::__class_type_info::__dyncast_result&) const
0 1320 3 3 440 0 0 360 0 0
fn=__cxxabiv1::__vmi_class_type_info::__do_dyncast(long, __cxxabiv1::__class_type_info::__sub_kind, __cxxabiv1::__class_type_info const*, void const*, __cxxabiv1::__class_type_info const*, void const*, __cxxabiv1::__class_type_info::__dyncast_result&) const
0 544 7 7 208 3 1 152 0 0
fn=__dynamic_cast
0 2592 5 5 912 18 0 624 0 0
fn=__libc_csu_init
0 41 4 3 9 2 1 9 0 0
fn=__log_finite
0 8 2 2 3 0 0 0 0 0
fn=_dl_debug_initialize
0 7 0 0 6 0 0 0 0 0
fn=_start
0 11 1 1 1 0 0 3 0 0
fn=bool std::has_facet<std::ctype<char> >(std::locale const&)
0 84 2 2 36 1 0 12 0 0
fn=bool std::has_facet<std::ctype<wchar_t> >(std::locale const&)
0 84 2 2 36 3 0 12 0 0
fn=bool std::has_facet<std::num_get<char, std::istreambuf_iterator<char, std::char_traits<char> > > >(std::locale const&)
0 84 1 1 36 1 0 12 0 0
fn=bool std::has_facet<std::num_get<wchar_t, std::istreambuf_iterator<wchar_t, std::char_traits<wchar_t> > > >(std::locale const&)
0 84 1 1 36 0 0 12 0 0
fn=bool std::has_facet<std::num_put<char, std::ostreambuf_iterator<char, std::char_traits<char> > > >(std::locale const&)
0 84 2 2 36 1 0 12 0 0
fn=bool std::has_facet<std::num_put<wchar_t, std::ostreambuf_iterator<wchar_t, std::char_traits<wchar_t> > > >(std::locale const&)
0 84 2 2 36 1 0 12 0 0
fn=memcpy@GLIBC_2.2.5
0 18 2 2 4 0 0 0 0 0
fn=sin
0 8 1 1 3 0 0 0 0 0
fn=std::__cxx11::messages<char>::messages(unsigned long)
0 19 2 2 4 0 0 8 1 1
fn=std::__cxx11::messages<wchar_t>::messages(unsigned long)
0 19 2 2 4 1 0 8 0 0
fn=std::__cxx11::moneypunct<char, false>::_M_initialize_moneypunct(__locale_struct*, char const*)
0 122 5 5 48 1 1 31 0 0
fn=std::__cxx11::moneypunct<char, true>::_M_initialize_moneypunct(__locale_struct*, char const*)
0 122 6 6 48 0 0 31 0 0
fn=std::__cxx11::moneypunct<wchar_t, false>::_M_initialize_moneypunct(__locale_struct*, char const*)
0 130 7 7 51 0 0 32 0 0
fn=std::__cxx11::moneypunct<wchar_t, true>::_M_initialize_moneypunct(__locale_struct*, char const*)
0 130 6 6 51 0 0 32 0 0
fn=std::__cxx11::numpunct<char>::_M_initialize_numpunct(__locale_struct*)
0 419 6 6 143 5 2 75 0 0
fn=std::__cxx11::numpunct<wchar_t>::_M_initialize_numpunct(__locale_struct*)
0 349 6 6 73 0 0 74 3 3
fn=std::__timepunct<char>::_M_initialize_timepunct(__locale_struct*)
0 105 12 12 6 0 0 52 0 0
fn=std::__timepunct<char>::__timepunct(std::__timepunct_cache<char>*, unsigned long)
0 22 2 2 4 0 0 9 1 1
fn=std::__timepunct<wchar_t>::_M_initialize_timepunct(__locale_struct*)
0 103 12 12 5 0 0 51 0 0
fn=std::__timepunct<wchar_t>::__timepunct(std::__timepunct_cache<wchar_t>*, unsigned long)
0 22 2 2 4 1 0 9 0 0
fn=std::basic_ios<char, std::char_traits<char> >::_M_cache_locale(std::locale const&)
0 120 3 3 12 0 0 44 0 0
fn=std::basic_ios<char, std::char_traits<char> >::init(std::basic_streambuf<char, std::char_traits<char> >*)
0 88 2 2 12 0 0 40 0 0
fn=std::basic_ios<wchar_t, std::char_traits<wchar_t> >::_M_cache_locale(std::locale const&)
0 120 2 2 12 0 0 44 0 0
fn=std::basic_ios<wchar_t, std::char_traits<wchar_t> >::init(std::basic_streambuf<wchar_t, std::char_traits<wchar_t> >*)
0 88 3 3 12 0 0 40 0 0
fn=std::codecvt<char, char, __mbstate_t>::codecvt(unsigned long)
0 17 1 1 4 0 0 6 2 2
fn=std::codecvt<wchar_t, char, __mbstate_t>::codecvt(unsigned long)
0 17 2 2 4 0 0 6 1 1
fn=std::ctype<char> const& std::use_facet<std::ctype<char> >(std::locale const&)
0 76 2 2 36 0 0 12 0 0
fn=std::ctype<char>::ctype(unsigned short const*, bool, unsigned long)
0 114 4 4 8 2 0 79 9 9
fn=std::ctype<wchar_t> const& std::use_facet<std::ctype<wchar_t> >(std::locale const&)
0 76 2 2 36 0 0 12 0 0
fn=std::ctype<wchar_t>::_M_convert_to_wmask(unsigned short) const
0 137 6 6 12 0 0 0 0 0
fn=std::ctype<wchar_t>::_M_initialize_ctype()
0 2777 4 4 5 0 0 810 20 20
fn=std::ctype<wchar_t>::ctype(unsigned long)
0 19 1 1 3 0 0 7 1 1
fn=std::error_category::error_category()
0 8 1 1 4 1 0 2 0 0
fn=std::future_category()
0 17 2 2 2 1 1 3 0 0
fn=std::ios_base::Init::Init()
0 268 31 31 41 11 0 168 15 14
fn=std::ios_base::_M_init()
0 200 3 3 48 0 0 72 0 0
fn=std::ios_base::ios_base()
0 472 3 3 8 1 0 216 31 31
fn=std::locale::_Impl::_Impl(unsigned long)
0 982 65 65 80 29 1 423 51 50
fn=std::locale::_Impl::_M_install_facet(std::locale::id const*, std::locale::facet const*)
0 10920 7 7 3180 0 0 240 0 0
fn=std::locale::facet::_S_create_c_locale(__locale_struct*&, char const*, __locale_struct*)
0 9 1 1 2 0 0 3 0 0
fn=std::locale::facet::_S_get_c_locale()
0 128 1 1 57 0 0 15 0 0
fn=std::locale::facet::_S_get_c_name()
0 14 1 1 7 0 0 0 0 0
fn=std::locale::id::_M_id() const
0 954 1 1 308 7 4 92 0 0
fn=std::locale::locale()
0 418 2 2 176 1 0 132 1 0
fn=std::locale::operator=(std::locale const&)
0 144 2 2 64 0 0 24 0 0
fn=std::locale::~locale()
0 88 1 1 40 0 0 16 0 0
fn=std::messages<char>::messages(unsigned long)
0 19 2 2 4 0 0 8 1 1
fn=std::messages<wchar_t>::messages(unsigned long)
0 19 1 1 4 0 0 8 0 0
fn=std::moneypunct<char, false>::_M_initialize_moneypunct(__locale_struct*, char const*)
0 122 6 6 48 0 0 31 0 0
fn=std::moneypunct<char, true>::_M_initialize_moneypunct(__locale_struct*, char const*)
0 122 5 5 48 0 0 31 0 0
fn=std::moneypunct<wchar_t, false>::_M_initialize_moneypunct(__locale_struct*, char const*)
0 130 7 7 51 0 0 32 0 0
fn=std::moneypunct<wchar_t, true>::_M_initialize_moneypunct(__locale_struct*, char const*)
0 130 7 7 51 0 0 32 0 0
fn=std::num_get<char, std::istreambuf_iterator<char, std::char_traits<char> > > const& std::use_facet<std::num_get<char, std::istreambuf_iterator<char, std::char_traits<char> > > >(std::locale const&)
0 76 1 1 36 0 0 12 0 0
fn=std::num_get<wchar_t, std::istreambuf_iterator<wchar_t, std::char_traits<wchar_t> > > const& std::use_facet<std::num_get<wchar_t, std::istreambuf_iterator<wchar_t, std::char_traits<wchar_t> > > >(std::locale const&)
0 76 2 2 36 0 0 12 0 0
fn=std::num_put<char, std::ostreambuf_iterator<char, std::char_traits<char> > > const& std::use_facet<std::num_put<char, std::ostreambuf_iterator<char, std::char_traits<char> > > >(std::locale const&)
0 76 2 2 36 0 0 12 0 0
fn=std::num_put<wchar_t, std::ostreambuf_iterator<wchar_t, std::char_traits<wchar_t> > > const& std::use_facet<std::num_put<wchar_t, std::ostreambuf_iterator<wchar_t, std::char_traits<wchar_t> > > >(std::locale const&)
0 76 2 2 36 0 0 12 0 0
fn=std::numpunct<char>::_M_initialize_numpunct(__locale_struct*)
0 419 5 5 143 0 0 75 1 0
fn=std::numpunct<wchar_t>::_M_initialize_numpunct(__locale_struct*)
0 349 4 4 73 0 0 74 0 0
summary: 2160075 1392 1361 530663 13381 7720 191064 2195 1410
